Forwards:
			Pos	Age	Salary	Years	FI	SH	PL	ST	CH	PO	HI	SK	EN	PE	FA	LE	SR	OFF	DEF	OVE
Derek Stepan		C	27	6500000	0	36	75	77	80	76	75	68	81	70	80	73	65	70	77	73	74
Richard Panik		RW	26	2800000	0	31	75	71	72	77	72	73	75	80	82	58	65	71	72	74	73
Clayton Keller		LW	19	885833	0	36	75	76	76	68	69	61	77	86	88	65	56	54	75	66	71
Max Domi		LW	22	863333	0	37	71	74	78	69	67	64	78	78	74	67	67	65	74	66	71
Christian Dvorak	LW	21	839167	0	30	75	74	75	68	68	60	75	71	84	69	65	58	74	65	71
Dave Bolland		C	31	5500000	0	25	70	62	68	74	74	65	75	80	67	68	72	66	66	71	71
Brad Richardson		C	32	2083333	0	36	65	58	57	74	75	67	75	75	70	80	60	73	60	72	70
Christian Fischer	RW	20	821666	0	38	72	69	70	67	67	61	74	78	79	58	61	68	70	65	69
Nick Cousins		LW	24	1000000	0	36	70	67	67	69	69	65	70	75	75	65	58	62	68	67	69
Mike Sislo		RW	29	650000	0	35	60	60	57	71	71	67	70	74	77	73	61	68	59	69	69
Freddie Hamilton	C	25	612500	1	42	52	52	50	75	71	73	67	72	86	85	65	67	51	73	69
Laurent Dauphin		C	22	745000	0	39	58	64	65	71	70	65	72	76	77	64	62	63	62	68	68
Tye McGinn		LW	27	650000	1	64	65	58	64	71	67	69	68	60	84	58	63	73	62	69	68
Dylan Strome		C	20	863333	0	34	61	69	68	63	63	58	71	61	92	63	65	62	66	61	67
Kyle Chipchura		LW	31	650000	0	65	50	48	47	73	73	73	64	70	75	78	67	76	48	73	67
Lawson Crouse		LW	20	894167	0	39	62	61	59	72	53	74	68	71	70	57	63	67	60	66	66
Josh Archibald		RW	24	675000	0	47	58	55	56	74	67	75	71	67	72	54	57	62	56	72	66
Brendan Perlini		RW	21	863333	0	35	67	62	63	63	58	58	65	65	82	58	61	61	64	59	65
Pierre-Cedric Labrie	LW	30	650000	0	62	41	40	42	72	67	75	65	66	52	60	62	74	41	71	63
Zac Rinaldo		RW	27	700000	0	70	37	38	40	72	59	77	72	88	17	56	66	89	38	69	62
Ryan MacInnis		C	21	797500	0	39	51	48	49	57	49	50	58	63	75	57	62	62	49	52	60
Nick Merkley		RW	20	863333	0	39	52	58	50	48	47	44	60	52	71	58	59	51	53	46	58
Conor Garland		RW	21	680000	0	20	56	59	59	43	43	40	63	62	72	53	52	45	58	42	58
Tyler Steenbergen	C	19	625000	0	37	57	52	54	45	46	41	54	57	88	57	52	41	54	44	57

Defensemen:
			Pos	Age	Salary	Years	FI	SH	PL	ST	CH	PO	HI	SK	EN	PE	FA	LE	SR	OFF	DEF	OVE
Oliver Ekman-Larsson	D	26	5500000	0	30	78	82	77	74	74	75	88	88	74	48	70	72	79	74	75
Alex Goligoski	        D	32	5475000	0	35	70	71	78	74	75	74	80	92	77	50	70	75	73	74	74
Jason Demers	        D	29	3937500	4	37	66	67	75	73	73	74	77	80	76	48	61	67	69	73	71
Niklas Hjalmarsson	D	30	4100000	0	36	50	48	56	78	78	70	79	97	77	50	65	78	51	75	70
Jakob Chychrun	        D	19	925000	0	37	62	60	63	73	73	68	75	82	76	53	62	64	61	71	69
Kevin Connauton	        D	27	1000000	0	30	68	66	68	73	73	69	75	74	72	48	61	65	67	71	69
Kyle Wood	        D	21	717500	0	47	65	61	62	62	63	59	65	57	83	48	60	65	62	61	65
Andrew Campbell	        D	29	650000	0	31	37	35	41	72	72	70	68	64	70	50	62	65	37	71	61
Trevor Murphy	        D	22	640000	0	42	58	56	63	51	52	54	65	63	69	47	64	52	59	52	61
Kyle Capobianco	        D	20	745000	0	31	50	52	52	54	55	50	58	49	77	49	55	48	51	53	58
Pierre-Olivier Joseph	D	18	625000	0	25	50	49	56	56	57	47	56	57	79	45	52	45	51	53	58
Patrick Kudla	        D	21	625000	0	28	48	50	50	45	44	42	53	58	67	46	50	40	49	43	54
Jordan Gross		D	22	650000	0	28	57	57	59	51	50	45	59	56	77	46	53	45	57	48	58
Jalen Smereck		D	20	686666	0	26	49	48	55	53	54	48	59	56	70	47	52	50	50	51	57
Filip Westerlund	D	18	625000	0	20	45	48	52	50	51	45	54	60	89	44	52	45	48	48	57
Dysin Mayo		D	21	678333	0	32	41	42	54	52	53	47	53	61	84	47	56	50	45	50	57
Cam Dineen		D	19	759167	0	38	53	51	56	50	51	42	56	37	92	49	52	40	53	47	57
Brandon Hickey		D	21	625000	0	30	37	38	42	56	57	51	59	53	84	49	58	54	39	54	57
Noel Hoefenmayer	D	18	625000	0	30	51	53	52	54	52	48	56	51	73	48	50	47	52	51	57

Goalies:
			Pos	Age	Salary	Years	FI	SH	PL	ST	CH	PO	HI	SK	EN	PE	FA	LE	SR	OFF	DEF	OVE
Antti Raanta		G	28	1000000	0	35	77	77	77	78	78	77	78	81	77	78	63	72	77	77	76
Darcy Kuemper		G	27	650000	0	30	75	74	75	75	74	74	75	77	77	72	67	68	74	74	73
Adin Hill		G	21	725833	0	34	62	62	63	62	62	62	62	64	77	63	55	49	62	62	64
Marek Langhamer		G	23	660000	0	24	65	65	64	65	65	64	65	60	70	64	60	55	64	64	65
Merrick Madsen		G	22	625000	0	33	55	56	56	55	56	55	57	45	76	55	54	50	55	55	59