FORWARDS
Jesse Puljuj?rvi      MIN   RW   LW   23   6'4     211     55   50   120  79   82   82   80   75   71   81   85   89   87   64   83   64   75   81   75   78
Otto Koivula          NYI   RW   LW   23   6'4     219     58   50   120  75   72   78   76   77   72   79   75   83   63   54   74   79   78   75   75   73
Kaapo Kakko           BOS   RW   -    21   6'1     187     51   50   120  85   78   77   70   70   66   77   81   82   80   56   51   49   68   80   68   72
Jesse Ylonen          MIN   RW   LW   22   6'0     167     56   50   120  76   76   75   76   76   69   76   74   82   77   50   50   73   45   75   73   72

Sebastian Aho         NYI   LW   C    24   6'0     172     52   50   120  77   82   82   70   81   69   81   81   82   78   67   75   70   81   80   73   76

Aleksander Barkov     FLA   C    LW   26   6'3     213     58   50   120  80   81   83   78   82   78   85   88   76   90   63   80   78   82   81   79   79
Erik Haula            LAK   C    LW   31   6'0     193     55   50   120  77   76   75   76   75   69   75   58   81   82   67   75   34   72   76   73   74
Jesperi Kotkaniemi    OTT   C    LW   21   6'2     188     55   50   120  76   74   75   72   73   72   75   75   75   76   56   69   94   78   75   72   72


DEFENSEMEN
Miro Heiskanen        DAL   D    -    22   6'0     170     58   50   120  75   76   76   78   80   77   79   80   95   80   57   71   90   74   75   78   76
Ville Pokka           OTT   D    -    27   6'0     214     58   50   120  74   75   75   78   75   71   78   78   88   67   59   78   49   82   74   74   74
Vili Saarijarvi       MIN   D    -    24   5'10    182     58   50   120  78   80   79   77   73   55   78   78   83   67   61   78   79   83   79   68   74
Esa Lindell           CHI   D    -    27   6'3     210     58   50   120  67   55   73   78   78   79   77   75   80   80   61   78   70   82   65   78   73
Alex Lintuniemi       OTT   D    -    26   6'3     231     56   50   120  54   83   62   72   76   77   76   76   82   77   61   76   96   79   66   75   73
Olli Juolevi          NYI   D    -    23   6'2     182     55   50   120  76   77   76   79   77   76   75   77   71   35   52   70   76   82   76   77   71

GOALIES
Joonas Korpisalo      CBS   G    -    28   6'3     190     57   50   120  78   78   78   77   78   78   78   77   72   78   63   68   40   74   78   77   75
Kari Lehtonen         UFA   G    -    38   6'4     210     55   50   120  75   74   75   75   75   75   74   65   78   74   66   67   31   45   74   75   73

PLAYOFF ADDITIONS
Rasmus Ristolainen    BUF   D    -    27   6'3     207     58   50   120  80   79   81   82   81   80   84   91   85   50   67   83   91   78   80   81   78
Eeli Tolvanen         NYR   RW   LW   23   5'10    170     51   50   120  81   80   80   74   69   57   81   81   83   82   49   75   83   83   80   66   74
Teuvo Teravainen      CAR   LW   C    27   5'11    178     53   50   120  78   80   83   71   78   61   85   82   81   85   68   79   65   84   80   70   76

