Name                  Team  Pos  Alt  Age  Height  Weight  POT  CON  GRE  SH   PL   ST   CH   PO   HI   SK   EN   PE   FA   LE   SR   FI   IN   OF   DF   OA
Nikita Kucherov       WPG   RW   LW   28   5'11    178     53   50   120  86   83   84   75   76   67   92   95   80   86   64   75   58   74   84   72   79
Vladimir Tarasenko    CHI   RW   LW   30   6'0     219     51   50   120  84   80   85   73   80   70   91   91   80   73   66   80   42   73   83   74   78
Andrei Svechnikov     CAR   RW   C    22   6'2     186     51   50   120  83   82   84   69   70   68   88   91   80   92   58   70   98   71   83   69   77
Pavel Buchnevich      VAN   RW   C    27   6'2     178     53   50   120  75   75   79   71   75   70   83   83   79   84   65   70   81   76   76   72   75
Evgeni Svechnikov     DET   RW   LW   25   6'2     199     53   50   120  80   80   83   72   81   67   83   82   69   71   61   78   82   77   81   73   75
Denis Gurianov        DAL   RW   LW   24   6'3     200     51   50   120  79   77   76   75   78   75   82   85   84   82   60   65   82   72   77   76   75
Alexander Burmistrov  UFA   RW   C    30   6'1     180     55   50   120  67   72   75   71   75   68   73   91   73   72   59   75   41   85   71   71   73
Nikita Popugaev       CHW   RW   LW   23   6'6     217     56   50   120  72   74   73   72   72   65   76   73   82   75   54   76   77   74   73   69   72
Alexander Delnov      MAN   RW   LW   28   6'0     189     54   50   120  75   75   74   71   74   67   75   75   77   67   55   74   75   78   74   70   72
Vasili Podkolzin      NYI   RW   -    20   5'11    165     51   50   120  83   80   80   67   73   59   81   76   70   72   48   65   43   96   81   66   71
Valentin Zykov        CHA   RW   LW   26   6'1     224     57   50   120  74   74   79   58   77   54   77   75   72   71   60   78   77   75   75   63   71
Sergei Shumakov       UFA   RW   LW   29   6'0     196     56   50   120  68   77   74   70   79   64   77   72   75   71   59   59   64   70   73   71   71
Renee Zerbaliev       BEL   RW   LW   18   6'2     192     53   50   120  76   72   72   72   69   75   71   74   75   54   68   69   48   68   73   72   71
Ilya Badanin          ONT   RW   -    22   6'3     179     52   50   120  75   74   72   67   63   61   72   72   80   72   69   67   40   79   73   63   71
Evgeni Dadonov        UFA   RW   LW   33   5'11    185     58   50   120  76   74   78   65   72   55   78   67   89   54   58   73   23   79   76   64   71
Kirill Nizhnikov      ONT   RW   LW   22   6'2     190     51   50   120  76   75   77   72   73   68   76   75   81   76   48   40   77   72   76   71   70
Anatoli Golyshev      UFA   RW   LW   27   5'8     178     58   50   120  55   75   76   63   76   55   78   75   68   76   50   78   75   73   68   64   70
Vladimir Kuznetsov    UFA   RW   LW   24   6'2     210     54   50   120  74   76   75   69   68   62   74   65   79   65   54   59   75   73   75   66   69
Mikhail Abramov       ONT   RW   C    21   5'10    152     53   50   120  73   73   73   62   64   52   73   73   89   74   56   50   40   83   73   59   69
Kiril Primakov        STO   RW   C    21   5'11    183     53   50   120  69   75   75   73   76   60   76   75   68   63   52   60   40   75   73   69   69
Viktor Tikhonov       UFA   RW   C    33   6'2     189     55   50   120  62   64   62   67   72   67   70   64   76   64   61   71   32   85   62   68   68
Artur Kayumov         RKF   RW   LW   24   5'11    176     56   50   120  54   54   73   76   61   51   75   74   77   75   52   76   77   70   60   62   68
Alexander Dergachev   ONT   RW   C    25   6'4     200     54   50   120  72   75   74   63   71   57   63   66   76   69   49   74   75   85   73   63   68
Nikita Korostelev     SYR   RW   LW   25   6'1     195     53   50   120  69   72   66   69   56   67   51   59   87   63   50   73   74   81   69   64   67
Dmitri Kugryshev      UFA   RW   LW   32   5'11    193     55   50   120  64   67   70   71   72   62   76   71   71   53   53   58   24   72   67   68   67
Vladimir Tkachev      SYR   RW   LW   26   5'10    146     56   50   120  65   57   76   42   76   40   76   76   76   61   50   76   77   84   66   52   66
Kirill Petrov         UFA   RW   LW   32   6'3     232     55   50   120  63   58   64   71   72   61   73   60   77   54   56   68   30   85   61   68   66
Denis Smirnov         UFA   RW   LW   24   5'10    185     56   50   120  54   69   73   48   69   54   61   69   80   75   51   68   75   78   65   57   66
Daniil Vovchenko      HAR   RW   LW   26   5'10    172     56   50   120  51   58   76   46   76   54   73   71   79   56   54   70   77   79   61   58   66
Stanislav Galiev      UFA   RW   LW   30   6'1     187     56   50   120  66   64   72   60   60   51   74   53   80   57   58   63   30   74   67   57   65
Kirill Maximov        BAK   RW   LW   22   6'2     192     53   50   120  67   50   57   71   60   67   62   54   81   69   45   72   74   75   58   66   65
Dmitri Sheshin        BRG   RW   LW   20   5'8     100     56   50   120  77   63   75   55   58   53   75   57   81   64   45   50   74   75   71   55   65
Andrei Altybarmakyan  RKF   RW   LW   23   5'11    183     53   50   120  75   51   52   72   70   49   55   67   63   73   48   75   73   79   59   63   64
Vladislav Kotkov      COE   RW   LW   22   6'4     202     54   50   120  55   55   60   66   54   74   52   54   81   74   49   51   75   70   56   64   63
Vladimir Macinko      Juni  RW   -    19   6'6     224     53   50   120  62   60   63   55   57   55   62   61   76   37   69   69   17   60   61   55   63
Daniil Miromanov      BRG   RW   LW   24   6'4     185     59   50   120  49   49   57   52   56   76   52   52   86   76   50   70   69   74   51   61   63
Alexei Toropchenko    SAR   RW   LW   22   6'3     187     54   50   120  62   51   51   67   70   66   55   61   70   71   48   52   76   76   54   67   63
Alexander Barabanov   UFA   RW   LW   27   5'10    190     56   50   120  54   70   64   59   55   55   70   33   93   71   55   49   45   76   62   56   63
Vitaly Rokhlin        BRG   RW   C    21   6'0     203     53   50   120  69   53   52   56   59   44   59   63   86   62   56   61   40   69   58   53   62
Sergey Nikitin        ROC   RW   LW   21   6'0     170     59   50   120  59   76   48   49   49   47   51   69   89   68   51   53   63   77   61   48   62
Pavel Rotenberg       UTI   RW   LW   22   6'0     179     53   50   120  72   50   58   54   56   65   52   55   80   71   49   50   75   71   60   58   62
Alexei Gainutdinov    Juni  RW   -    21   6'2     207     54   50   120  64   45   63   58   58   67   54   71   48   42   69   78   43   55   57   61   62
Semen Afonasievski    TOM   RW   LW   25   6'2     187     59   50   120  43   42   57   57   53   66   61   70   78   60   47   61   71   85   47   58   61
Ilya Mikheyev         UFA   RW   LW   27   6'2     190     56   50   120  51   54   55   47   49   46   59   78   89   56   57   54   37   75   53   47   61
Denis Mikhnin         GRD   RW   LW   22   5'10    166     51   50   120  55   57   73   60   51   50   56   41   71   70   52   59   66   72   61   53   61
Igor Bratus           Draf  RW   -    19   6'3     223     53   50   120  54   52   55   46   52   47   59   67   88   39   66   65   11   61   53   48   60
Denis Mingaleyev      UFA   RW   LW   27   5'10    172     53   50   120  51   52   62   55   49   41   61   49   80   60   55   47   44   70   55   48   59
Daniil Skorikov       Draf  RW   LW   23   6'4     188     51   50   120  61   51   55   54   50   46   56   66   77   56   48   48   42   74   55   50   59
Artem Bulygin         Juni  RW   C    18   6'1     190     53   50   120  50   52   57   43   43   43   61   59   90   40   60   54   16   71   53   43   58
Artur Tyanulin        UFA   RW   LW   25   5'9     174     52   50   120  50   49   50   59   53   51   53   44   70   70   54   40   70   72   49   54   57
Yegor Korshkov        Juni  RW   LW   25   6'4     180     56   50   120  56   55   58   54   41   42   52   50   68   48   48   50   35   76   56   45   56
Vyacheslav Leshchenk  UFA   RW   LW   27   5'11    168     56   50   120  58   54   55   42   42   39   59   30   77   63   59   49   30   79   55   41   56
Nikolai Chebykin      Juni  RW   LW   24   6'4     223     56   50   120  53   58   58   47   46   45   54   51   66   51   48   50   45   74   56   46   56
Dmitri Abramov        BAK   RW   -    20   5'8     153     53   50   120  53   47   52   50   53   40   52   52   64   59   63   40   40   53   50   47   56
Kirill Slepets        Draf  RW   LW   23   5'10    165     53   50   120  59   54   56   42   42   36   65   33   82   51   49   38   27   76   56   40   55
Gleb Donkin           Juni  RW   LW   19   6'6     226     53   50   120  51   51   44   46   34   45   52   47   78   33   64   62   19   79   48   41   55
Artem Ivanyuzhenkov   Draf  RW   LW   24   6'2     212     59   50   120  49   42   47   57   44   54   52   51   41   53   51   59   58   72   46   51   55
Sergei Agletdinov     Draf  RW   C    17   6'0     173     53   50   120  53   49   54   35   30   30   58   58   91   24   56   49   12   80   52   31   54
Juri Stanislavich     Draf  RW   LW   20   6'1     202     51   50   120  75   50   51   29   31   29   51   71   82   25   52   45   14   74   58   29   54
Dmitri Yujzycky       Draf  RW   LW   17   6'0     190     55   50   120  37   38   40   54   55   49   53   57   83   24   50   55   19   78   38   52   54
Nikolai Tonkov        Juni  RW   C    21   5'11    196     59   50   120  47   39   43   40   40   45   67   47   68   30   58   42   51   64   43   41   53
Ivan Kosorenkov       Draf  RW   LW   24   5'10    187     51   50   120  57   49   52   39   38   35   60   44   74   48   49   38   27   66   52   37   53
Dmitry Babenko        Draf  RW   LW   20   6'1     210     51   50   120  69   43   46   30   33   28   60   59   82   23   58   55   16   82   52   30   53
Artem Manukyan        Draf  RW   LW   23   5'9     144     56   50   120  53   58   55   34   39   35   57   39   70   47   51   35   40   74   55   36   53
Vladimir Khudorozkin  Juni  RW   LW   20   6'4     218     52   50   120  51   50   51   40   33   35   52   45   77   38   48   48   19   73   50   36   52
Nikita Sviridov       Draf  RW   LW   22   6'1     178     59   50   120  43   40   44   34   38   36   58   42   88   33   53   55   56   71   42   36   52
Vyacheslav Markhov    Draf  RW   C    17   6'2     193     54   50   120  43   40   45   36   39   64   40   55   39   35   51   60   38   73   42   46   51
Alexey Kysylyn        Draf  RW   LW   18   5'8     151     51   50   120  63   39   51   34   31   25   57   51   76   32   55   36   10   57   51   30   51
Pavel Klosovsky       Draf  RW   LW   20   6'1     144     53   50   120  42   43   43   43   38   21   47   61   74   31   58   22   15   81   42   34   49
Albert Shistyev       Juni  RW   C    19   6'0     204     53   50   120  44   42   42   36   30   29   50   37   72   27   55   50   25   76   42   31   49
Alex Ovechkin         WAS   LW   RW   36   6'3     239     51   50   120  88   78   84   72   70   78   91   99   75   58   74   90   31   79   83   73   78
Nikita Soshnikov      SJB   LW   RW   28   5'11    190     55   50   120  74   72   75   75   76   72   76   75   85   81   65   75   76   72   73   74   75
Nikita Gusev          DET   LW   RW   29   5'9     163     53   50   120  82   79   83   74   80   60   83   76   78   84   61   72   83   81   81   71   75
Anton Slepyshev       MON   LW   RW   27   6'2     194     51   50   120  77   73   77   78   79   76   81   77   78   83   59   79   85   81   75   77   75
Kirill Kaprizov       BOS   LW   RW   25   5'9     185     58   50   120  80   79   79   74   77   56   82   82   83   80   54   69   61   78   79   69   74
Ivan Barbashev        UFA   LW   C    26   6'0     180     55   50   120  72   73   73   73   73   67   75   91   77   73   61   77   75   73   72   71   74
Valeri Nichushkin     LAK   LW   RW   27   6'4     205     54   50   120  77   75   74   74   74   67   74   73   75   86   60   74   72   79   75   71   73
Roman Lyubimov        UFA   LW   C    29   6'2     207     55   50   120  73   66   75   74   74   69   76   92   84   65   61   74   52   71   71   72   73
Nikolai Goldobin      MIN   LW   RW   26   5'11    185     58   50   120  79   78   78   74   78   55   78   79   88   68   58   63   81   79   78   69   73
Artemi Panarin        CBS   LW   RW   30   5'11    170     53   50   120  83   80   83   69   76   60   83   56   80   74   68   74   35   70   82   68   73
Nikolai Prokhorkin    RFA   LW   C    28   6'3     190     58   50   120  76   75   78   69   77   67   78   70   70   74   57   67   76   79   76   71   72
Klim Kostin           VGK   LW   C    22   6'3     212     54   50   120  76   74   75   75   75   73   74   76   65   75   57   70   75   70   75   74   72
Alexander Radulov     VAN   LW   RW   35   6'1     205     52   50   120  76   77   81   73   71   65   77   63   74   65   63   82   27   85   78   69   72
Roman Badanin         CHA   LW   -    22   5'11    165     53   50   120  73   73   73   67   71   52   74   73   81   73   64   73   40   89   73   63   71
Nikolai Kulemin       UFA   LW   C    35   6'1     225     55   50   120  70   67   73   75   75   70   75   69   82   63   55   75   34   84   70   73   71
Nail Yakupov          UFA   LW   RW   28   5'11    195     56   50   120  77   75   76   59   71   57   78   71   77   78   64   68   77   79   76   62   71
Ivan Telegin          UFA   LW   C    30   6'2     195     55   50   120  69   69   73   74   74   64   74   73   80   68   61   75   62   85   70   70   71
Grigori Denisenko     HAR   LW   RW   21   5'11    165     52   50   120  77   76   76   73   74   58   75   77   91   75   50   43   76   75   76   68   71
Mikhail Grigorenko    UFA   LW   C    27   6'3     209     56   50   120  62   75   60   55   69   76   74   54   90   65   63   76   75   79   65   66   69
Denis Parshin         UFA   LW   C    36   5'10    165     58   50   120  72   72   78   63   63   55   78   82   78   59   59   53   26   73   74   60   69
Sergei Shirokov       UFA   LW   RW   36   5'10    195     58   50   120  75   74   77   65   63   56   78   49   78   58   62   62   22   76   75   61   68
Iakov Trenin          HAR   LW   C    25   6'2     201     56   50   120  54   54   76   58   74   75   70   72   78   66   55   76   75   73   61   69   68
Dmitri Sokolov        IOW   LW   C    24   5'11    221     51   50   120  71   71   71   68   68   42   70   72   80   70   47   73   72   78   71   59   68
Danil Zinoviev        MIL   LW   RW   21   6'1     176     53   50   120  73   73   73   61   66   59   73   75   83   72   48   45   76   73   73   62   68
Anton Burdasov        UFA   LW   RW   30   6'3     202     56   50   120  73   65   75   67   70   62   75   61   72   55   57   75   37   84   71   66   68
Vitali Abramov        CLE   LW   RW   23   5'9     171     57   50   120  57   74   52   67   72   53   63   66   73   76   54   72   91   70   61   64   67
Sergei Plotnikov      UFA   LW   RW   31   6'2     205     54   50   120  60   58   63   71   71   71   65   72   68   57   64   74   34   79   60   71   67
Dmitri Kagarlitsky    UFA   LW   C    32   5'9     163     52   50   120  68   74   75   61   62   55   75   62   86   54   63   57   32   65   72   59   67
Danil Bashkirov       UTI   LW   RW   20   6'2     168     56   50   120  76   59   76   76   42   70   58   76   88   75   47   40   70   78   70   62   67
Sergei Tolchinsky     UFA   LW   RW   27   5'8     170     56   50   120  58   61   64   58   62   54   77   73   83   66   62   58   65   82   61   58   66
Radel Fazleyev        UFA   LW   C    26   6'1     176     52   50   120  51   58   62   57   56   62   71   71   85   71   53   74   71   76   57   58   66
Mikhail Maltsev       CHA   LW   RW   24   6'3     198     55   50   120  72   53   63   57   50   70   74   58   79   76   49   68   75   76   62   59   66
Mikhail Bitsadze      DAL   LW   C    22   5'11    167     53   50   120  72   73   73   62   60   52   75   65   79   74   47   40   65   77   72   58   66
Maxim Rasseikin       UFA   LW   C    24   6'1     180     51   50   120  53   69   48   54   68   63   75   54   88   70   56   72   71   77   56   61   66
Ivan Chekhovich       RKF   LW   C    23   5'10    177     53   50   120  57   59   66   56   59   53   73   66   82   73   48   75   59   78   60   56   66
Alexander Volkov      WIL   LW   RW   24   6'1     191     55   50   120  53   52   71   59   63   69   75   63   75   74   50   75   77   72   58   63   66
Igor Sokolov          HER   LW   RW   21   6'3     224     54   50   120  52   50   66   61   75   75   71   56   71   62   50   67   75   74   56   70   65
Bogdan Yakimov        UFA   LW   C    27   6'5     232     55   50   120  53   67   65   57   73   52   64   52   84   67   55   75   77   79   61   60   65
Maxim Ovinko          MAN   LW   -    21   6'1     200     53   50   120  63   54   63   71   44   44   72   67   85   68   54   56   40   67   60   53   64
Denis Miller          SPR   LW   RW   22   5'10    174     53   50   120  53   76   73   65   73   51   56   55   80   74   48   40   72   71   67   63   64
Daniil Gutik          TOM   LW   C    20   6'3     179     53   50   120  64   63   74   53   51   51   73   60   85   69   51   53   40   71   67   51   64
Vladimir Bobylyov     UFA   LW   RW   25   6'2     202     54   50   120  53   52   70   60   63   50   66   56   75   63   51   74   73   78   58   57   63
Kirill Pilipenko      COE   LW   RW   25   5'11    183     56   50   120  61   62   60   58   62   54   68   43   88   77   48   50   77   77   61   58   63
Egor Afanasiev        SAR   LW   RW   21   6'3     189     55   50   120  66   59   60   56   57   60   57   66   89   73   46   40   76   73   61   57   63
Yaroslav Alexeev      SJB   LW   RW   23   5'9     158     53   50   120  73   56   50   53   55   52   65   55   89   74   48   40   75   70   59   53   62
Kirill Voronin        UFA   LW   RW   28   5'10    163     53   50   120  64   60   58   55   54   52   58   64   78   70   56   48   53   79   60   53   62
Yaroslav Kosov        UFA   LW   RW   28   6'3     220     59   50   120  51   49   64   54   50   58   56   61   72   69   52   63   69   78   54   54   61
Vladislav Kara        Juni  LW   C    24   6'1     187     59   50   120  52   52   52   54   56   52   60   71   88   60   49   47   34   78   52   54   61
Saveli Kuvardin       Juni  LW   -    20   6'0     170     55   50   120  52   59   68   50   51   44   73   70   81   40   54   50   47   82   59   48   61
Kiril Gusev           Draf  LW   C    17   6'1     192     52   50   120  50   75   64   46   49   40   65   64   83   38   67   62   15   69   63   45   61
Anton Shenfeld        UFA   LW   C    28   5'9     168     53   50   120  57   61   61   53   51   52   59   64   81   56   54   50   32   75   59   52   61
Daniil Gushchin       Juni  LW   C    20   5'8     173     55   50   120  65   56   56   60   54   52   72   57   89   35   51   35   27   62   59   55   60
Roman Chernov         Draf  LW   C    17   6'0     203     53   50   120  55   53   54   50   48   46   67   65   64   38   69   60   14   94   54   48   59
Fila Nikolayev        UTI   LW   C    21   5'11    162     53   50   120  54   72   48   40   40   44   63   61   86   59   59   40   40   70   58   41   59
Egor Chizhikov        PRO   LW   RW   20   6'0     175     56   50   120  66   63   60   47   50   45   69   64   70   51   45   32   31   71   63   47   59
Sergei Kozyrev        Draf  LW   C    21   6'1     185     53   50   120  56   47   51   39   41   47   63   67   85   28   53   53   15   88   51   42   56
Mikhail Kalavinsky    Juni  LW   -    18   5'11    191     55   50   120  48   39   47   52   50   39   58   62   91   40   55   37   25   69   44   47   56
Maxim Lazarev         HER   LW   RW   26   5'10    154     53   50   120  60   46   40   55   40   52   40   50   89   64   45   44   74   79   48   49   56
Knut Stalin           Juni  LW   C    19   6'4     198     53   50   120  55   54   51   46   45   51   53   62   71   28   51   58   15   69   53   47   56
Ivan Muranov          STO   LW   RW   22   6'3     183     54   50   120  40   44   44   57   47   64   43   49   70   63   51   53   64   74   42   56   56
Alexander Polunin     Draf  LW   RW   24   5'8     161     56   50   120  55   54   56   40   41   34   57   38   74   53   52   39   37   75   55   38   54
Mark Ryabchenko       Draf  LW   -    18   6'0     182     53   50   120  44   50   41   46   45   44   50   53   61   39   56   55   13   83   45   45   53
Kabok Butyrsky        Draf  LW   RW   19   6'4     197     54   50   120  45   45   42   38   40   52   37   64   39   32   57   66   32   81   44   43   52
Aleksander Yatsky     Draf  LW   C    19   6'1     191     53   50   120  56   57   54   32   34   36   49   43   62   28   55   54   10   58   55   34   52
Andrej Balmin         Draf  LW   C    18   5'10    177     53   50   120  48   29   40   34   28   25   54   51   78   32   56   37   14   69   39   29   49
Andrei Dolgonsov      Draf  LW   RW   20   6'1     198     53   50   120  36   27   36   26   25   28   52   56   64   27   44   39   18   68   33   26   45
Nikita Filatov        TEX   LW   RW   31   6'0     190     58   50   120  35   33   41   24   34   35   37   34   29   17   14   22   10   73   36   31   38
Andrei Vasilevski     TBL   G    -    27   6'3     210     59   50   120  79   79   79   81   80   80   81   81   78   80   73   76   37   78   79   80   78
Sergei Bobrovsky      CAL   G    -    33   6'2     182     59   50   120  79   79   79   79   79   79   79   72   78   79   63   74   14   45   79   79   76
Semyon Varlamov       COL   G    -    34   6'2     209     58   50   120  79   79   79   79   79   79   79   73   77   78   66   77   27   77   79   79   76
Ilya Sorokin          LAK   G    -    26   6'2     167     57   50   120  77   77   77   77   77   77   78   77   76   79   58   63   40   79   77   77   74
Igor Shesterkin       NYR   G    -    26   6'1     187     56   50   120  76   77   77   78   78   76   76   77   74   77   55   69   40   84   76   77   74
Alexander Georgiev    NYR   G    -    26   6'1     176     56   50   120  76   76   76   76   76   75   76   76   75   77   57   73   40   76   76   75   74
Ilya Samsonov         WAS   G    -    25   6'4     203     54   50   120  75   75   75   75   75   75   75   84   76   75   55   64   40   73   75   75   73
Maxim Zhukov          CHW   G    -    22   6'3     187     51   50   120  71   73   71   73   73   73   72   71   77   69   50   71   40   78   71   73   71
Konstantin Barulin    UFA   G    -    37   6'2     200     54   50   120  73   74   73   74   73   73   74   62   77   72   58   58   32   79   73   73   71
Daniil Tarasov        CBS   G    -    23   6'4     180     53   50   120  73   73   73   75   73   75   73   73   75   73   48   48   41   79   73   74   70
Kirill Ustimenko      BEL   G    -    23   6'3     187     59   50   120  70   70   70   70   70   70   70   68   74   61   48   70   40   70   70   70   69
Konstantin Volkov     UFA   G    -    24   6'3     211     56   50   120  68   68   66   68   66   67   66   57   75   66   45   67   40   77   67   67   67
Ivan Fedotov          LHV   G    -    25   6'6     191     56   50   120  67   67   68   67   68   68   67   70   77   45   48   67   31   85   67   67   67
Anton Khudobin        UFA   G    -    35   5'11    203     53   50   120  72   71   70   66   72   69   57   39   68   61   46   61   31   79   71   69   65
Yaroslav Askarov      Juni  G    -    19   6'2     157     55   50   120  49   66   54   65   56   61   70   60   90   40   57   49   15   79   56   60   62
Andrey Makarov        UFA   G    -    29   6'1     178     58   50   120  60   58   61   63   60   61   61   42   75   61   54   54   34   73   59   61   62
Vitali Lopukhov       Draf  G    -    19   6'1     198     58   50   120  53   57   58   56   54   52   64   66   74   30   65   62   19   73   56   54   61
Mikhail Berdin        Juni  G    -    24   6'2     163     56   50   120  52   56   53   60   52   54   53   53   76   54   50   46   32   76   53   55   59
Sergey Voroshilov     Draf  G    -    20   6'1     190     58   50   120  51   45   52   51   50   46   66   68   67   37   61   46   14   94   49   49   57
Viktor Vezirov        Draf  G    -    17   6'0     182     58   50   120  52   56   52   40   39   44   57   57   86   33   53   56   12   78   53   41   56
Ravil Chekhol         Draf  G    -    18   6'2     193     58   50   120  42   39   43   56   52   55   57   55   81   24   53   57   12   69   41   54   56
Ivan Prosvetov        Draf  G    -    23   6'4     162     58   50   120  50   55   56   52   53   55   53   32   75   57   45   38   21   71   53   53   56
Dmitri Gorshkov       Draf  G    -    17   6'6     219     58   50   120  54   54   53   47   42   40   54   58   68   29   51   63   11   54   53   43   56
Slava Moujoukin       Draf  G    -    21   6'1     177     58   50   120  45   47   46   48   48   44   49   62   78   20   61   52   17   70   46   46   55
Ivan Nalimov          UFA   G    -    28   6'5     211     50   50   120  48   52   49   48   47   48   51   63   73   42   50   42   37   82   49   47   55
Alexander Samoilov    Draf  G    -    25   6'2     178     53   50   120  49   46   48   48   51   45   45   49   75   51   49   48   36   76   47   48   55
Georgi Kuznetsov      Draf  G    -    24   6'2     180     58   50   120  41   45   46   41   41   41   42   41   75   56   40   38   24   77   44   41   51
Andrei Utyugov        Draf  G    -    21   5'10    183     58   50   120  39   41   50   44   45   39   55   53   52   36   52   37   13   83   43   42   51
Mikhail Sergachev     WPG   D    -    23   6'3     215     58   50   120  76   74   78   82   80   77   82   85   70   86   64   74   68   76   76   79   77
Ivan Provorov         PHI   D    -    25   6'0     203     58   50   120  80   77   81   77   80   77   82   65   79   89   67   80   89   84   79   78   77
Dmitri Orlov          WAS   D    -    30   5'11    212     58   50   120  79   78   78   78   78   72   78   70   79   79   60   76   60   73   78   76   75
Nikita Zadorov        BOS   D    -    27   6'5     230     57   50   120  76   72   72   78   78   79   79   81   65   78   54   77   79   78   73   78   74
Daniil Chayka         BUF   D    -    19   6'2     187     58   50   120  67   71   72   81   82   81   83   79   88   61   54   52   39   82   70   81   73
Nikita Zaitsev        FLA   D    -    30   6'2     196     58   50   120  73   72   73   78   78   75   78   61   81   56   63   78   40   75   72   77   72
Igor Rykov            COL   D    -    25   6'2     205     58   50   120  76   55   55   77   80   75   71   71   78   79   56   72   84   72   62   77   71
Alexei Bereglazov     HAR   D    -    28   6'4     187     56   50   120  51   71   60   76   76   68   76   76   78   77   55   76   60   79   60   73   71
Viktor Antipin        RFA   D    -    29   5'11    179     58   50   120  65   59   63   77   71   69   75   77   83   67   58   63   40   83   62   72   70
Rushan Rafikov        STO   D    -    26   6'1     185     55   50   120  68   61   73   75   75   68   75   75   75   62   54   75   69   78   67   72   70
Nikita Tryamkin       CAL   D    -    27   6'7     265     57   50   120  55   57   68   77   77   76   79   76   70   67   57   78   60   86   60   76   70
Nikita Okhotyuk       COE   D    -    21   6'0     181     58   50   120  71   69   74   72   74   71   76   76   67   71   56   50   57   62   71   72   70
Moritz Seider         MAN   D    -    21   6'4     183     58   50   120  69   69   70   69   69   65   74   72   80   58   60   68   60   81   69   67   70
Lev Starikov          CHI   D    -    21   6'5     187     58   50   120  55   55   76   78   74   82   60   77   78   68   48   71   60   70   62   78   70
Ilya Mironov          SDG   D    -    21   6'3     198     56   50   120  67   59   69   75   76   76   76   75   80   63   57   64   53   69   65   75   70
Artemi Knyazev        COE   D    -    21   6'0     177     58   50   120  76   75   76   63   60   67   75   76   82   76   50   46   55   72   75   63   70
Igor Ozhiganov        CHI   D    -    29   6'2     216     56   50   120  61   47   58   76   76   79   76   69   68   73   56   76   43   83   55   77   69
Artem Zub             MIL   D    -    26   6'2     198     57   50   120  45   61   66   73   77   70   76   67   74   74   56   77   67   81   57   73   69
Andrei Mironov        UFA   D    -    27   6'3     194     57   50   120  64   53   43   79   77   74   66   78   79   66   57   78   69   82   53   76   69
Damir Sharipzyanov    UFA   D    -    26   6'2     203     57   50   120  55   59   54   70   71   73   64   87   60   73   56   77   53   83   56   71   68
Anton Belov           UFA   D    -    35   6'4     218     58   50   120  65   61   74   72   63   69   71   65   79   50   55   68   38   80   66   68   68
Ziyat Paigin          UFA   D    -    27   6'6     210     55   50   120  52   61   54   71   71   66   58   72   74   75   55   74   61   72   55   69   67
Vladislav Gavrikov    CLE   D    -    26   6'3     205     56   50   120  44   48   54   76   77   65   62   77   78   76   56   76   64   77   48   72   67
Rinat Valiev          SDG   D    -    26   6'3     215     57   50   120  45   52   41   77   77   74   75   76   65   64   55   77   62   80   46   76   67
Dmitri Kulikov        UFA   D    -    31   6'1     205     55   50   120  50   54   69   74   74   74   74   64   74   48   59   75   38   73   57   74   67
Alexei Marchenko      UFA   D    -    30   6'3     210     56   50   120  53   52   59   71   71   71   70   64   86   49   60   75   34   82   54   71   67
Albert Yarullin       UFA   D    -    28   6'0     194     57   50   120  43   49   54   77   72   70   73   56   76   74   60   77   40   81   48   73   67
Kirill Marchenko      ROC   D    -    21   6'2     168     57   50   120  70   73   69   66   66   62   75   76   64   65   51   40   60   66   70   64   66
Danila Galenyuk       SAR   D    -    22   6'1     200     58   50   120  67   67   67   72   72   61   74   71   73   54   48   42   68   72   67   68   66
Alexander Alexeev     BAK   D    -    22   6'3     200     58   50   120  47   47   47   70   70   72   70   71   81   72   50   69   66   74   47   70   66
Zakhar Arzamastsev    UFA   D    -    29   6'1     185     55   50   120  54   56   62   66   69   63   68   78   78   50   56   61   32   77   57   66   65
Yaroslav Dyblenko     UFA   D    -    28   6'2     195     57   50   120  42   41   40   71   72   71   65   75   76   77   58   74   51   75   41   71   65
Nikita Nesterov       UFA   D    -    29   5'11    191     58   50   120  58   48   58   69   69   68   66   58   76   58   58   68   42   83   54   68   65
Maxim Goncharov       UFA   D    -    32   6'3     215     57   50   120  55   38   41   72   68   74   71   85   63   57   55   70   44   84   44   71   65
Alexei Emelin         UFA   D    -    36   6'2     224     57   50   120  54   43   45   77   74   80   72   50   74   50   56   75   41   85   47   77   65
Slava Voynov          SAR   D    -    32   6'0     194     58   50   120  69   62   70   67   73   59   69   56   68   41   48   53   10   73   67   66   64
Oleg Sosunov          UFA   D    -    24   6'8     230     51   50   120  48   49   47   73   71   69   71   70   64   71   50   70   64   81   48   71   64
Nikolai Belov         UFA   D    -    34   6'3     179     54   50   120  44   40   52   73   74   69   70   76   73   48   58   62   30   85   45   72   64
Maxim Osipov          UFA   D    -    28   6'1     201     54   50   120  40   43   52   71   77   68   76   58   85   55   59   65   36   77   45   72   64
Andrei Pedan          UFA   D    -    28   6'5     213     57   50   120  60   48   48   69   67   67   70   60   61   57   57   70   62   85   52   67   64
Alexei Vasilevsky     UFA   D    -    29   5'11    205     55   50   120  49   54   60   65   67   61   71   70   74   47   58   59   28   76   54   64   64
Yuri Alexandrov       UFA   D    -    33   6'1     185     55   50   120  45   50   65   71   72   64   72   41   72   56   54   59   35   83   53   69   63
Maxim Chudinov        UFA   D    -    32   5'11    187     57   50   120  49   50   59   71   71   71   71   53   67   46   53   62   41   75   52   71   63
Efim Gurkin           UFA   D    -    29   6'0     170     58   50   120  57   53   62   66   67   62   69   43   79   48   53   58   30   82   57   65   63
Dmitri Samorukov      MAN   D    -    22   6'2     180     57   50   120  55   46   56   67   67   55   61   75   78   54   49   68   67   74   52   63   63
Dmitri Osipov         TOM   D    -    25   6'4     229     51   50   120  41   43   45   71   69   69   60   56   75   72   52   71   52   79   43   69   63
Artem Borodkin        UFA   D    -    30   5'11    176     54   50   120  49   49   50   72   70   64   75   60   78   47   59   58   33   69   49   68   63
Sergei Boikov         UFA   D    -    26   6'2     200     57   50   120  52   46   47   69   66   70   50   65   64   63   56   69   60   84   48   68   62
Evgeni Ryasensky      UFA   D    -    35   5'11    194     54   50   120  44   53   42   72   73   68   72   58   73   50   52   62   35   79   46   71   62
Roman Manukhov        UFA   D    -    28   6'0     176     58   50   120  54   52   61   59   55   56   58   70   68   51   58   58   29   69   55   56   61
Leonid Sidelnikov     Juni  D    -    19   6'2     222     56   50   120  43   42   42   71   70   70   69   65   68   30   66   67   54   90   42   70   61
Igor Zaitsev          UFA   D    -    23   6'0     180     57   50   120  41   48   46   68   65   61   55   72   66   55   49   68   51   78   45   64   61
Artem Alyayev         UFA   D    -    27   5'8     179     58   50   120  54   57   65   57   53   50   58   74   79   46   55   52   40   74   58   53   61
Vyacheslav Revnik     STO   D    -    20   6'1     198     57   50   120  40   40   42   55   57   59   67   59   90   58   52   58   74   84   40   57   60
Veniamin Baranov      Draf  D    -    23   6'1     198     58   50   120  45   58   63   59   58   57   62   60   73   54   49   48   47   79   55   58   60
Sergei Zborovsky      UFA   D    -    25   6'4     197     53   50   120  41   40   42   73   72   55   58   57   70   48   48   73   46   81   41   66   60
Nikolai Timashov      UFA   D    -    27   6'0     179     58   50   120  50   53   58   58   57   53   59   49   80   52   56   50   28   77   53   56   60
Nikita Liamkin        SJB   D    -    26   6'5     187     51   50   120  40   45   40   54   70   70   55   60   78   72   48   49   57   75   41   64   60
Kiril Nevolin         Juni  D    -    19   6'2     183     58   50   120  52   58   55   56   51   52   66   64   68   40   61   61   22   92   55   53   60
Dmitrii Sergeev       BNG   D    -    26   6'3     200     57   50   120  59   61   56   68   68   42   41   53   76   40   55   68   55   76   58   59   60
Dmitri Rodionichev    MAN   D    -    23   6'4     216     51   50   120  36   35   38   71   71   58   54   73   71   53   50   71   44   70   36   66   60
Dmitri Alexeyev       Draf  D    -    24   6'0     191     55   50   120  49   44   54   61   66   52   60   69   87   48   51   48   43   74   49   59   60
Mark Rubinchik        Draf  D    -    23   6'0     179     51   50   120  42   43   53   63   60   65   54   63   67   54   54   52   57   78   46   62   59
Ivan Vereshchagin     UFA   D    -    27   6'2     163     55   50   120  51   43   49   64   63   57   61   43   83   48   56   52   36   77   47   61   59
Ilya Lyubushkin       UFA   D    -    27   6'1     189     57   50   120  33   39   39   63   59   63   62   55   85   51   58   65   35   85   37   61   59
Artem Minulin         Draf  D    -    23   6'2     197     58   50   120  57   57   62   60   54   52   56   32   83   47   50   47   33   78   58   55   59
Valeri Vasiliev       UFA   D    -    27   6'1     203     57   50   120  44   33   34   61   56   59   59   69   79   47   54   60   50   82   37   58   58
Vadim Trakhanov       Draf  D    -    18   6'2     218     58   50   120  45   45   45   57   59   52   56   48   89   34   59   54   15   83   45   56   58
Pavel Yelshansky      Draf  D    -    24   6'2     196     58   50   120  49   48   56   52   53   50   52   71   75   45   51   42   41   73   51   51   58
Ivan Kovalev          Draf  D    -    24   6'2     194     51   50   120  43   46   50   54   52   57   58   61   78   50   52   48   37   75   46   54   58
Evgeny Aparin         Draf  D    -    20   6'3     228     58   50   120  40   39   41   60   58   55   60   69   77   38   53   58   13   81   40   57   58
Ilya Romanov          Draf  D    -    17   6'1     211     58   50   120  34   42   45   62   58   56   63   59   74   36   59   50   15   98   40   58   57
Dmitry Sinitsyn       UFA   D    -    27   6'2     205     58   50   120  45   46   49   53   55   49   53   66   77   48   51   48   34   83   46   52   57
Boris Komar           Draf  D    -    17   6'0     199     56   50   120  23   30   32   64   59   58   59   64   92   37   56   56   32   86   28   60   57
Alexei Kisin          Draf  D    -    19   6'0     204     58   50   120  45   44   45   58   55   51   57   57   82   31   55   53   14   69   44   54   57
Lev Kondrashchenko    Juni  D    -    18   6'2     211     57   50   120  41   35   33   56   57   62   55   52   64   44   50   64   50   76   36   58   56
Konstantin Chernyuk   Draf  D    -    24   6'4     177     51   50   120  34   37   47   58   60   51   58   67   70   49   50   51   36   76   39   56   56
Oleg Khudorozkin      Draf  D    -    20   6'1     196     56   50   120  25   29   30   66   64   60   60   66   64   33   56   54   41   65   28   63   55
Maxim Sheptekitin     Draf  D    -    22   6'2     200     57   50   120  36   42   27   58   57   61   58   61   63   28   57   64   57   58   35   58   55
Kiril Rybkin          Draf  D    -    20   6'5     236     58   50   120  47   50   50   45   41   50   55   55   66   35   55   60   11   89   49   45   55
Grigori Sarkelev      Draf  D    -    18   6'2     199     57   50   120  25   24   25   56   57   62   58   58   89   31   56   63   50   86   24   58   55
Gleb Trubachev        Draf  D    -    18   6'4     223     56   50   120  18   27   22   67   63   61   57   53   85   25   60   61   32   66   22   63   55
Dmitri Zaitsev        Juni  D    -    24   6'0     184     51   50   120  47   45   47   52   52   48   49   62   67   54   48   40   39   69   46   50   55
Vasili Nikonov        Draf  D    -    20   6'2     191     56   50   120  31   32   31   57   55   56   55   56   61   41   53   58   38   85   31   56   54
Mikhail Chernyovsky   Draf  D    -    17   6'2     209     56   50   120  29   35   32   49   52   54   59   57   68   34   64   51   39   82   32   51   54
Juri Neverov          Draf  D    -    22   6'0     201     58   50   120  30   30   24   57   54   59   68   52   61   31   52   56   10   69   28   56   53
Artem Zinovyev        Draf  D    -    19   6'1     195     57   50   120  28   33   26   46   49   58   55   49   69   34   61   49   43   79   29   51   52
Artem Kochuokov       Draf  D    -    20   6'5     218     56   50   120  23   23   24   59   64   62   55   45   89   31   41   52   35   58   23   61   52
Vasilii Balk          Draf  D    -    18   5'6     159     58   50   120  38   37   30   56   55   28   56   59   68   33   57   24   11   93   35   46   51
Valeri Nosov          Draf  D    -    18   6'1     146     58   50   120  31   32   35   57   53   27   54   57   92   25   60   24   12   52   32   45   51
Anatoli Dmytryk       Draf  D    -    21   6'3     198     57   50   120  22   26   28   46   48   52   48   39   77   37   56   57   47   73   25   48   50
Denis Fedyushhyn      Draf  D    -    18   6'3     206     58   50   120  41   42   31   37   35   44   32   35   86   38   41   46   16   84   38   38   49
Boris Podgorni        Draf  D    -    18   5'11    189     57   50   120  36   29   28   45   53   34   47   57   56   31   52   36   59   73   31   44   48
Mikhail Lopatin       Draf  D    -    18   6'0     180     57   50   120  25   20   20   46   46   43   54   43   65   25   43   36   48   86   21   45   46
Bogdan Kiselevich     UFA   D    -    32   6'0     192     58   50   120  37   40   42   49   44   29   33   52   43   21   23   50   10   72   39   40   46
Konstantin Dyakonov   Draf  D    -    17   6'3     193     57   50   120  16   18   15   41   29   34   48   47   54   29   49   35   38   83   16   34   42
Evgeni Malkin         DAL   C    RW   35   6'3     195     53   50   120  88   82   86   75   75   64   92   95   69   74   70   81   36   85   85   71   78
Evgeni Kuznetsov      WAS   C    RW   29   6'2     204     53   50   120  83   83   83   73   81   71   82   85   82   84   65   72   54   78   83   75   77
Vladislav Namestniko  NYR   C    LW   29   5'11    180     58   50   120  75   76   78   78   78   67   78   76   74   76   63   77   57   72   76   74   74
Vadim Shipachev       UFA   C    LW   35   6'0     187     52   50   120  73   77   78   67   72   55   82   83   83   72   65   70   22   82   76   64   73
Nikita Scherbak       NJD   C    RW   26   6'2     192     56   50   120  76   74   76   73   76   70   78   75   84   77   57   65   78   80   75   73   73
Mikhail Gogunov       MAN   C    LW   19   6'2     203     55   50   120  75   77   74   76   75   76   76   76   72   76   61   56   43   70   75   75   73
Artem Anisimov        UFA   C    LW   33   6'4     200     58   50   120  78   74   78   74   78   68   78   55   75   74   62   78   31   81   76   73   73
Alexei Lipanov        SYR   C    LW   22   6'0     165     55   50   120  72   73   73   74   75   67   75   74   78   75   51   72   75   75   72   72   72
Vladislav Kamenev     BRG   C    LW   25   6'2     194     54   50   120  73   74   74   64   74   63   72   61   77   74   62   74   75   77   73   67   71
Vitali Kravtsov       CHW   C    LW   22   6'2     170     52   50   120  74   73   73   71   72   65   74   73   80   71   49   72   73   74   73   69   71
Maxim Letunov         RKF   C    LW   26   6'4     180     56   50   120  73   61   68   58   58   74   76   63   90   77   55   76   77   85   67   63   70
Daniil Apalkov        UFA   C    LW   30   6'1     198     55   50   120  65   64   75   71   75   69   74   57   75   71   60   74   46   74   68   71   70
Alexander Khovanov    WAS   C    LW   22   5'11    187     51   50   120  79   78   79   72   71   56   81   79   70   80   50   48   80   72   78   66   70
Alexander Kadeykin    UFA   C    LW   28   6'3     213     55   50   120  74   77   76   57   75   49   75   71   82   68   54   74   75   83   75   60   70
Maxim Mamin           UFA   C    RW   27   6'2     191     55   50   120  72   67   75   55   68   64   73   70   68   77   52   73   77   70   71   62   69
Konstantin Okulov     ONT   C    RW   27   6'0     181     56   50   120  54   54   77   58   75   69   75   70   85   69   53   72   77   78   61   67   69
Igor Pletrev          UTI   C    LW   22   6'3     194     51   50   120  75   61   77   49   55   48   77   77   91   75   67   70   40   78   71   50   69
German Rubtsov        NYI   C    LW   23   6'2     178     58   50   120  66   68   69   62   69   61   70   65   78   91   51   69   69   79   67   64   69
Dmitri Zhukenov       UFA   C    RW   25   5'11    169     55   50   120  74   71   72   71   66   53   75   75   70   70   48   65   75   76   72   63   69
Dmitri Zavgorodni     RKF   C    RW   21   5'9     175     52   50   120  74   73   74   68   67   48   74   71   85   75   49   68   75   68   73   61   69
Andrei Loktionov      UFA   C    LW   31   5'11    190     55   50   120  63   64   71   70   71   65   74   50   82   69   58   62   31   74   66   68   68
Sergei Kalinin        UFA   C    RW   31   6'3     200     55   50   120  65   61   62   71   69   68   70   62   71   65   61   69   38   76   62   69   67
Mikhail Vorobiev      UFA   C    LW   25   6'2     194     55   50   120  56   54   53   76   60   70   69   74   71   75   50   75   76   73   54   68   67
Anatoli Grindenko     TOM   C    LW   19   6'4     218     53   50   120  69   76   65   67   55   60   74   57   70   76   53   64   42   76   70   60   67
Alexander Khokhlache  UFA   C    LW   28   5'10    181     56   50   120  67   77   66   60   61   52   70   55   74   74   64   63   54   79   70   57   67
Pavel Shen            HER   C    RW   22   6'1     183     53   50   120  76   52   67   53   68   65   64   63   65   71   49   66   73   72   65   62   65
Maxim Mizyurin        UFA   C    LW   24   6'3     220     53   50   120  52   52   73   55   55   76   73   51   82   63   55   73   74   73   59   62   65
Andrei Svetlakov      IOW   C    LW   26   6'0     202     59   50   120  49   66   70   53   70   60   64   70   68   61   55   65   70   72   61   61   65
Igor Shvyrev          LAV   C    LW   23   6'1     191     52   50   120  52   52   64   72   61   65   55   53   76   76   50   65   72   77   56   66   64
Viacheslav Osnovin    COE   C    LW   28   6'0     187     52   50   120  52   52   69   55   64   66   68   58   78   65   49   53   74   81   57   61   63
Pavel Koltygin        MIL   C    LW   23   6'0     195     53   50   120  53   53   67   53   53   66   58   73   76   70   42   65   72   72   57   57   63
Alex Kudratsyev       Juni  C    LW   21   6'4     210     53   50   120  62   63   63   52   58   61   63   57   67   58   65   66   15   56   62   57   63
Kirill Semenov        ROC   C    LW   27   6'0     172     53   50   120  61   55   60   55   59   55   55   58   74   52   51   58   74   81   58   56   61
Ravil Uritski         Draf  C    RW   19   6'4     220     54   50   120  53   52   53   51   49   70   52   66   41   54   65   81   43   86   52   56   60
Pavel Kraskovsky      Juni  C    LW   25   6'4     187     54   50   120  54   52   51   56   45   49   53   59   86   69   52   55   49   79   52   50   60
Ruslan Filimonov      Draf  C    RW   21   6'2     193     53   50   120  51   51   48   50   51   51   51   63   85   52   54   55   21   76   50   50   59
Ivan Kozlov           HAR   C    LW   23   6'2     211     51   50   120  49   49   48   53   53   76   49   52   73   69   52   55   72   72   48   60   59
Boris Olevsky         Draf  C    -    17   6'3     199     53   50   120  52   53   52   36   39   39   64   63   87   56   58   64   14   75   52   38   59
Maxim Ovsiannikov     Juni  C    LW   19   6'5     214     54   50   120  49   43   49   43   47   61   50   65   52   63   55   75   36   92   47   50   58
Viktor Lukyanov       Draf  C    LW   18   6'2     213     53   50   120  59   54   53   37   33   34   53   49   80   63   55   62   11   82   55   34   57
Slava Desny           Draf  C    LW   19   5'11    162     53   50   120  47   48   46   41   43   37   57   62   90   66   62   36   15   85   47   40   57
Nikita Anokhovski     Draf  C    LW   23   6'0     187     53   50   120  56   52   55   43   46   42   60   57   82   62   49   39   40   78   54   43   57
Georgi Ivanov         Draf  C    RW   23   6'0     189     59   50   120  50   50   54   56   48   50   60   37   64   64   50   48   46   78   51   51   57
Yaroslav Tsulygin     Draf  C    RW   19   6'6     247     55   50   120  38   40   39   52   55   52   56   52   73   55   63   51   15   63   39   53   56
Vladimir Aleksashkin  Draf  C    RW   21   6'0     195     53   50   120  52   51   53   42   38   45   53   56   72   52   51   53   19   80   52   41   56
Renat Nelyubov        Draf  C    RW   19   5'11    169     53   50   120  46   60   41   36   39   37   63   66   70   62   59   40   20   59   49   37   56
Nikita Pavlychev      Juni  C    LW   25   6'7     200     59   50   120  46   46   48   58   52   52   51   42   64   62   49   55   40   79   46   54   56
Denis Gorbunov        UFA   C    LW   27   5'11    185     53   50   120  53   49   55   49   41   41   58   40   82   59   54   49   38   77   52   43   56
Alex Tomlin           Juni  C    LW   20   6'2     186     53   50   120  51   52   53   51   38   41   53   53   75   52   52   53   14   56   52   43   56
Evgeny Naumov         Draf  C    RW   19   5'11    196     53   50   120  44   50   42   41   39   38   63   69   75   56   61   36   13   95   45   39   55
Evgeni Brechkovsky    Draf  C    RW   20   6'0     189     52   50   120  46   72   49   39   38   44   50   36   84   54   53   46   17   72   55   40   55
Vasili Glotov         Juni  C    LW   24   5'11    174     56   50   120  50   48   53   39   39   34   54   58   76   55   48   39   33   85   50   37   54
Slava Desny           Draf  C    LW   19   5'11    162     53   50   120  50   45   47   36   43   34   51   48   90   58   62   36   13   85   47   37   54
Roman Serimanov       Draf  C    LW   18   6'0     172     52   50   120  46   59   59   24   38   28   53   43   88   51   54   48   13   60   54   30   54
Roman Krikunenko      Draf  C    LW   24   5'10    165     53   50   120  52   52   53   36   40   39   58   61   70   55   48   37   31   62   52   38   54
Vasili Guseinev       Draf  C    -    17   6'0     192     59   50   120  43   35   44   37   32   32   60   53   63   63   59   55   47   81   40   33   53
Jaroslav Chahine      Draf  C    -    22   6'0     198     52   50   120  45   50   50   33   29   33   53   60   74   61   44   53   15   99   48   31   53
Gregor Chikalov       Juni  C    RW   18   5'9     182     54   50   120  52   45   51   43   38   40   46   52   39   52   61   42   39   54   49   40   52
Dmitri Bazhukov       Draf  C    LW   22   6'4     202     55   50   120  32   35   39   37   56   43   45   64   54   68   53   40   23   78   35   45   52
