Name                  Team  Pos  Alt  Age  Height  Weight  POT  CON  GRE  SH   PL   ST   CH   PO   HI   SK   EN   PE   FA   LE   SR   FI   IN   OF   DF   OA
Jesse Puljujärvi      MIN   RW   LW   23   6'4     211     55   50   120  79   82   82   80   75   71   81   85   89   87   64   83   64   75   81   75   78
Filip Forsberg        NAS   RW   LW   27   6'1     205     51   50   120  80   79   81   75   80   70   81   69   78   99   70   79   67   85   80   75   77
Mika Zibanejad        TBL   RW   C    29   6'2     222     53   50   120  77   80   81   78   81   78   81   75   81   75   61   77   54   84   79   79   76
Viktor Arvidsson      NAS   RW   LW   29   5'9     180     58   50   120  81   79   78   76   78   67   78   71   81   79   66   75   49   81   79   73   75
Lucas Raymond         CAL   RW   LW   20   5'10    165     53   50   120  79   76   81   73   74   58   79   82   85   79   49   73   42   64   78   68   74
Jesper Fast           NYR   RW   LW   30   6'0     188     55   50   120  76   75   75   75   75   73   75   70   80   76   64   74   47   73   75   74   74
Patric Hörnqvist      NYR   RW   LW   35   5'11    189     55   50   120  76   72   75   75   75   76   75   87   68   58   58   75   34   79   74   75   73
Gustav Nyquist        UFA   RW   LW   32   5'11    185     58   50   120  74   75   78   71   75   65   78   64   83   72   58   75   26   85   75   70   73
Carl Grundstrom       TOR   RW   LW   24   6'0     194     55   50   120  74   73   72   74   75   68   77   76   72   76   60   75   76   72   73   72   73
Jesper Bratt          TOR   RW   LW   23   5'10    174     56   50   120  76   75   75   73   69   62   76   74   85   76   66   61   77   67   75   68   72
Viktor Stalberg       UFA   RW   LW   36   6'3     209     59   50   120  65   60   72   77   73   76   79   74   73   64   57   77   45   77   65   75   71
Oskar Steen           BOS   RW   C    24   5'9     188     55   50   120  75   73   75   76   74   52   79   75   76   79   52   63   75   65   74   67   71
Max Friberg           UFA   RW   LW   29   5'11    200     55   50   120  73   69   74   70   74   62   76   60   78   67   70   70   71   77   72   68   71
Marcus Sorensen       UFA   RW   LW   30   5'11    175     56   50   120  68   74   76   73   74   57   74   89   75   70   59   62   49   79   72   68   71
Lucas Wallmark        CHA   RW   C    26   6'0     176     53   50   120  73   70   74   63   72   63   73   73   85   67   60   73   74   83   72   66   71
Jens Looke            SDG   RW   LW   25   6'1     180     56   50   120  74   57   76   58   75   70   74   75   82   75   55   76   75   81   69   67   71
Dmytro Timashov       TOM   RW   LW   25   5'10    190     56   50   120  72   76   76   69   72   54   65   63   82   70   59   70   77   84   74   65   70
André Petersson       RFA   RW   LW   31   5'9     175     56   50   120  76   72   76   61   60   55   77   99   82   55   54   59   28   75   74   58   70
Tobias Lindberg       UFA   RW   LW   26   6'3     215     54   50   120  60   63   68   70   70   62   75   83   77   64   60   63   52   84   63   67   69
Noel Gunler           COE   RW   -    20   6'1     185     53   50   120  73   75   74   71   66   65   73   73   52   62   69   58   40   66   74   67   68
Jonatan Berggren      HER   RW   C    21   5'10    181     54   50   120  73   74   69   70   71   50   75   73   77   62   48   54   45   73   72   63   68
Johan Ryno            UFA   RW   C    35   6'5     216     52   50   120  69   74   76   64   66   58   72   57   77   64   62   59   34   79   73   62   68
Daniel Bernhardt      IOW   RW   LW   26   6'3     194     53   50   120  70   52   68   71   69   74   66   67   82   54   50   68   74   85   63   71   67
Olle Lycksell         LHV   RW   C    22   5'10    163     53   50   120  49   73   67   55   56   52   74   73   79   74   50   73   65   73   63   54   66
Linus Weissbach       ROC   RW   LW   24   5'8     161     53   50   120  71   51   69   71   55   51   56   57   87   72   54   73   73   82   63   59   66
Filip Sandberg        UFA   RW   C    27   5'9     180     59   50   120  49   69   70   51   52   50   70   83   81   69   57   62   70   79   62   51   66
Anton Rodin           UFA   RW   LW   31   5'11    185     56   50   120  70   66   75   70   67   58   72   51   73   56   53   65   22   72   70   65   66
Petter Emanuelsson    UFA   RW   LW   30   6'0     200     59   50   120  54   52   52   72   73   64   71   59   89   52   54   61   24   73   52   69   65
Lukas Elvenes         CHW   RW   C    22   6'1     173     53   50   120  52   53   63   64   73   65   63   54   79   76   51   73   73   73   56   67   65
Linus Omark           UFA   RW   LW   35   5'10    187     58   50   120  72   73   76   59   58   51   78   50   80   53   56   50   33   77   73   56   65
Erik Walli Walterhol  BRG   RW   LW   23   6'1     179     59   50   120  68   47   70   51   70   62   68   70   70   65   48   70   70   71   61   61   65
Dennis Everberg       UFA   RW   LW   30   6'4     205     54   50   120  65   60   63   68   61   59   67   60   75   59   59   67   40   71   62   62   65
Daniel Zaar           UFA   RW   LW   28   5'11    177     56   50   120  71   63   61   58   58   54   59   74   78   77   55   54   77   82   65   56   65
Carl Klingberg        UFA   RW   LW   31   6'3     205     54   50   120  53   55   60   72   68   63   69   71   74   51   55   74   29   79   56   67   65
Oskar Back            TOM   RW   C    22   6'2     192     55   50   120  53   53   58   75   55   75   56   58   85   77   52   41   74   73   54   68   64
Nick Sorensen         RFA   RW   LW   27   6'1     182     55   50   120  61   62   64   64   64   58   67   61   74   55   54   57   34   82   62   62   64
Axel Melander         Juni  RW   LW   18   6'3     193     53   50   120  64   58   63   51   54   58   69   67   79   31   66   67   19   77   61   54   63
Patrik Standlund      PRO   RW   LW   21   5'6     157     53   50   120  63   75   62   57   51   40   71   68   66   66   61   40   40   87   66   49   62
Gustav Possler        UFA   RW   LW   27   6'0     183     53   50   120  53   67   56   58   55   59   58   61   82   67   52   49   45   77   58   57   62
Anton Karlsson        UFA   RW   LW   25   6'1     187     59   50   120  69   58   51   56   49   62   50   45   77   68   54   70   68   79   59   55   62
Victor Olofsson       Juni  RW   LW   26   5'11    173     56   50   120  60   54   59   50   48   42   63   66   87   56   56   49   30   76   57   46   61
Alexander Holtz       Juni  RW   LW   20   6'0     211     58   50   120  63   67   71   60   47   46   64   55   79   60   40   36   46   75   67   51   61
Samuel Fagemo         Juni  RW   LW   22   5'11    190     51   50   120  55   50   55   54   53   49   58   77   78   69   45   38   46   71   53   52   60
Linus Skager          BRG   RW   LW   22   5'10    145     53   50   120  58   57   72   39   48   34   68   69   80   59   50   55   30   72   62   40   60
Henrik Törnqvist      UFA   RW   LW   25   6'1     190     59   50   120  52   50   52   56   54   47   59   74   88   54   51   46   26   75   51   52   60
Bernd Sundqvist       Draf  RW   LW   22   6'2     209     53   50   120  61   62   63   52   50   49   69   53   64   25   66   68   15   69   62   50   60
Sebastian Collberg    UFA   RW   LW   28   5'11    195     53   50   120  54   53   56   49   51   49   62   62   81   51   56   52   37   79   54   49   59
Jonas Martinsen       Draf  RW   LW   19   6'4     226     54   50   120  54   49   54   49   55   71   46   72   45   31   67   78   38   76   52   58   59
Jonathan Davidsson    CLE   RW   LW   25   5'11    185     53   50   120  56   54   59   48   47   45   67   45   82   52   50   44   45   75   56   46   58
Kevin Elgestal        Juni  RW   LW   25   6'1     176     59   50   120  46   43   43   54   53   50   53   53   79   52   54   48   29   77   44   52   57
Jens Gundersson       HER   RW   LW   20   6'1     210     53   50   120  60   50   60   52   42   46   61   47   60   36   57   46   17   71   56   46   56
Simon Robertsson      Juni  RW   C    19   5'11    160     51   50   120  62   36   44   36   42   35   62   50   87   33   61   56   19   90   47   37   55
Patrik Aune           BEL   RW   -    21   6'2     203     53   50   120  57   49   51   55   44   40   48   55   56   45   55   55   40   86   52   46   55
Malte Stromwall       UFA   RW   LW   27   6'0     191     56   50   120  55   50   53   46   46   43   61   25   78   51   51   48   33   81   52   45   55
Johan Ottosson        Juni  RW   LW   18   5'11    177     51   50   120  60   42   53   45   36   36   62   63   68   40   59   36   17   97   51   39   54
Jesper Samuelsson     Draf  RW   LW   17   6'0     197     53   50   120  46   49   52   34   37   36   62   62   85   33   52   45   11   86   49   35   54
Jonas Dahlengren      Draf  RW   LW   19   6'1     181     52   50   120  43   55   50   42   40   40   51   54   68   27   60   47   18   59   49   40   53
Knud Svinhufuud       Draf  RW   LW   17   6'1     179     55   50   120  37   30   35   46   47   36   58   55   66   33   58   45   15   86   34   43   51
Ragnar Ortendhal      Draf  RW   LW   18   5'11    180     53   50   120  58   49   55   28   30   31   47   50   60   32   51   44   14   72   54   29   50
Jonas Lundgren        Draf  RW   LW   18   6'4     210     53   50   120  44   40   42   34   34   35   52   53   65   32   56   50   15   83   42   34   50
Fredrik Holmsvik      Draf  RW   LW   25   5'11    200     51   50   120  50   27   38   36   33   31   62   52   78   32   56   43   10   95   38   33   50
Otto Lagerroth        Draf  RW   C    17   6'1     182     53   50   120  31   27   42   31   25   21   40   54   86   35   48   40   12   83   33   25   46
William Eriksson      Draf  RW   C    17   6'1     192     53   50   120  35   27   40   30   28   22   42   40   69   20   36   27   12   91   34   26   42
Mats Jössi            Draf  RW   -    17   6'1     209     51   50   120  50   21   33   17   14   20   37   43   61   28   35   36   11   74   34   17   41
Gabriel Landeskog     COL   LW   C    29   6'1     210     54   50   120  77   77   81   77   81   78   83   71   70   85   76   83   70   85   78   78   77
William Karlsson      STL   LW   C    29   6'1     188     55   50   120  81   79   75   76   75   68   80   75   87   67   64   74   74   84   78   73   75
Pontus Aberg          LAK   LW   RW   28   5'11    196     57   50   120  75   74   77   77   77   59   77   77   80   78   70   77   59   81   75   71   75
André Burakovsky      WAS   LW   C    27   6'3     201     58   50   120  79   76   79   72   77   69   77   91   81   73   64   63   50   83   78   72   75
Rickard Rakell        VGK   LW   C    28   6'2     201     55   50   120  80   77   75   75   75   76   75   70   77   70   66   75   68   85   77   75   74
Adrian Kempe          OTT   LW   C    25   6'2     187     55   50   120  76   76   75   73   75   76   76   76   80   76   60   75   59   84   75   74   74
Patrik Berglund       DET   LW   C    33   6'3     217     55   50   120  73   71   75   75   75   72   75   70   82   76   63   75   31   78   73   74   73
Mikael Backlund       NJD   LW   C    33   6'1     199     55   50   120  73   75   75   75   75   71   75   56   82   75   65   75   37   79   74   73   73
Marcus Johansson      UFA   LW   C    31   6'1     209     55   50   120  74   76   74   75   75   68   73   76   84   70   61   71   35   77   74   72   73
Jesper Boqvist        TBL   LW   C    23   6'0     180     56   50   120  75   76   76   73   72   69   76   79   84   76   59   60   77   72   75   71   73
Jakob Silfverberg     ANA   LW   RW   31   6'1     200     55   50   120  77   76   75   75   75   68   75   60   82   66   66   75   41   85   76   72   73
Emil Pettersson       DAL   LW   C    28   6'2     164     58   50   120  74   74   76   71   75   70   76   76   77   79   58   63   98   84   74   72   73
Albin Eriksson        CHI   LW   RW   21   6'4     207     51   50   120  78   75   75   74   71   69   80   81   65   80   50   76   82   72   76   71   73
Oskar Lindblom        UFA   LW   RW   25   6'1     191     54   50   120  73   72   72   70   70   66   73   74   88   72   58   74   75   84   72   68   72
Mattias Janmark       UFA   LW   C    29   6'1     195     58   50   120  79   70   78   67   75   71   77   58   77   70   65   67   42   83   75   71   72
Andreas Johnson       RFA   LW   RW   27   5'10    180     56   50   120  77   74   77   76   76   54   76   71   78   77   60   69   77   77   76   68   72
Melker Karlsson       UFA   LW   C    31   6'0     180     55   50   120  61   64   77   74   75   69   75   63   87   69   55   75   36   72   67   72   71
Filip Ahl             UFA   LW   RW   24   6'3     211     54   50   120  72   72   72   68   70   67   74   71   78   72   51   74   75   79   72   68   71
Marcus Kruger         UFA   LW   C    31   6'0     186     55   50   120  58   58   74   72   74   66   72   60   78   77   67   75   30   79   63   70   70
Joakim Nordström      UFA   LW   RW   30   6'1     189     55   50   120  51   52   75   74   75   73   75   67   81   69   67   75   53   81   59   74   70
Filip Hallander       WIL   LW   C    21   5'11    176     55   50   120  74   72   72   67   68   51   76   76   87   70   55   70   76   45   72   62   70
Erik Thorell          UFA   LW   C    30   5'10    185     56   50   120  67   67   77   67   71   61   76   72   80   68   58   71   42   81   70   66   70
Alexander Holtz       LAV   LW   C    20   6'0     183     51   50   120  71   75   72   71   67   68   73   75   75   76   52   62   45   78   72   68   70
Simon Holmstrom       MAN   LW   RW   20   5'11    172     54   50   120  74   73   74   72   71   52   75   75   72   60   52   68   55   73   73   65   69
Magnus Paajarvi       UFA   LW   RW   31   6'3     208     55   50   120  67   62   69   74   72   69   74   59   73   67   58   72   32   85   66   71   69
Fredrik Olofsson      CLE   LW   RW   25   6'2     197     55   50   120  53   59   75   72   75   74   74   55   75   77   54   73   77   78   62   73   69
Fabian Zetterlund     BNG   LW   C    22   5'11    195     53   50   120  73   72   74   68   71   50   72   70   80   73   52   68   74   79   73   63   69
Rasmus Asplund        ROC   LW   C    24   5'11    176     56   50   120  73   77   76   54   61   54   74   72   78   76   45   66   76   85   75   56   68
Oscar Lindberg        UFA   LW   C    30   6'1     196     55   50   120  67   68   75   67   68   67   62   58   64   73   58   69   10   83   70   67   68
Nils Lundkvist        RKF   LW   -    21   5'11    174     51   50   120  64   66   69   70   71   50   74   71   64   60   61   73   40   70   66   63   67
Mathias Bromé         HER   LW   RW   27   6'0     183     53   50   120  63   53   73   57   74   66   69   72   83   70   52   61   74   72   63   65   67
David Gustafsson      CHW   LW   C    22   6'2     196     55   50   120  61   74   71   65   72   47   76   72   75   67   51   58   49   71   68   61   67
Fredrik Karlström     TEX   LW   C    24   6'2     185     56   50   120  58   55   66   64   60   66   56   60   86   76   57   70   76   70   59   63   66
Filip Sveningsson     STO   LW   RW   22   6'0     180     53   50   120  54   61   73   71   60   65   71   58   70   73   50   66   72   74   62   65   66
Marcus Westfalt       COE   LW   C    22   6'3     203     52   50   120  55   76   49   66   66   75   51   51   85   75   50   47   73   46   60   69   64
Johan Sundström       UFA   LW   C    29   6'3     201     55   50   120  54   53   55   66   68   63   69   65   74   55   60   56   35   76   54   65   64
Fredrik Forsberg      HER   LW   RW   25   5'11    174     53   50   120  69   52   65   50   61   47   50   68   86   72   48   73   74   83   62   52   64
Christoffer Ehn       UFA   LW   C    26   6'3     181     59   50   120  49   49   49   70   52   68   70   61   83   68   55   70   69   83   49   63   64
Tim Soderlund         LAV   LW   C    24   5'9     163     53   50   120  52   53   56   49   56   53   72   58   87   73   42   74   73   70   53   52   63
Jacob Olofsson        CHW   LW   C    22   6'2     192     55   50   120  52   51   53   56   57   75   56   55   80   73   50   68   74   76   52   62   63
Carl Wassenius        SJB   LW   C    22   6'2     200     53   50   120  52   75   42   69   54   76   55   69   78   73   50   40   75   74   56   66   63
Axel Svinhufuud       SYR   LW   C    21   6'2     220     55   50   120  60   60   64   65   71   63   58   54   57   47   66   68   40   74   61   66   63
Anton Blidh           UFA   LW   RW   27   6'0     201     59   50   120  49   56   50   60   54   63   57   63   74   72   62   70   70   76   51   59   63
Robin Kovacs          BRG   LW   RW   25   6'0     186     59   50   120  65   44   66   52   55   50   60   66   72   66   48   70   68   76   58   52   62
Lucas Raymond         Juni  LW   RW   20   5'11    173     53   50   120  68   67   68   57   61   53   62   45   81   58   48   40   34   71   67   57   62
Gustav Olhaver        UFA   LW   C    24   6'6     225     59   50   120  46   58   50   51   51   73   50   49   80   69   51   70   76   84   51   58   61
Pierre Engvall        Juni  LW   RW   25   6'5     196     57   50   120  56   52   58   55   53   47   59   65   77   55   55   54   45   76   55   51   60
Andreas Kristiansen   Juni  LW   C    20   6'1     210     55   50   120  47   45   49   53   54   58   63   70   84   39   62   57   29   66   47   55   60
Ludwig Blomstrand     UFA   LW   RW   29   6'1     198     59   50   120  57   54   56   60   58   54   57   27   75   53   53   54   35   82   55   57   59
Joakim Hjerdstedt     Draf  LW   RW   19   6'5     224     53   50   120  53   49   51   50   49   47   60   51   80   35   69   66   16   58   51   48   58
Fredrik Loof          Juni  LW   C    19   6'0     207     55   50   120  47   54   51   56   55   48   55   54   63   26   66   59   27   76   50   53   57
Daniel Muzito Bagend  BAK   LW   RW   25   6'1     198     59   50   120  40   49   49   40   40   48   40   40   73   70   46   46   70   79   46   42   54
Axel Jonsson Fjallby  Juni  LW   RW   24   6'0     170     56   50   120  51   49   51   39   42   37   55   47   88   45   47   41   32   85   50   39   54
Ricard Swanstrom      Draf  LW   C    19   6'4     218     51   50   120  62   40   51   28   30   27   51   61   87   27   55   55   13   76   51   28   53
Calle Alstrom         Draf  LW   C    17   6'3     220     53   50   120  54   52   57   31   33   34   56   53   78   27   51   53   10   96   54   32   53
Lars-Bjorn Carlsson   Juni  LW   RW   19   5'11    187     51   50   120  52   44   51   43   43   34   50   49   64   46   54   39   21   84   49   40   52
Leo Mjallby           Draf  LW   -    19   6'1     215     53   50   120  42   41   43   36   43   31   49   41   62   35   55   51   16   86   42   36   50
Goran Caris           Draf  LW   C    19   6'6     243     54   50   120  41   44   44   41   43   46   45   47   38   30   52   61   37   53   43   43   50
Leo Mjallby           Juni  LW   -    19   6'1     215     53   50   120  40   43   41   30   43   37   45   36   62   35   55   51   17   86   41   36   49
Lennart Haug          Draf  LW   C    19   6'1     152     53   50   120  44   40   43   38   33   25   53   68   64   30   58   24   17   87   42   32   49
Robin Lehner          DAL   G    -    30   6'5     240     57   50   120  77   77   77   77   78   78   77   89   75   78   64   78   30   79   77   77   76
Marcus Hogberg        OTT   G    -    27   6'5     209     57   50   120  79   77   77   79   78   77   79   78   76   78   55   76   40   84   77   78   75
Anders Nilsson        NYI   G    -    32   6'5     229     56   50   120  77   77   77   76   77   76   77   70   76   77   65   76   30   79   77   76   75
Oscar Dansk           VGK   G    -    28   6'3     195     55   50   120  75   75   75   75   76   77   75   75   76   77   55   76   40   83   75   76   74
Jacob Markstrom       MON   G    -    32   6'6     196     56   50   120  76   78   76   76   78   76   76   71   76   77   62   76   28   85   76   76   74
Filip Gustavsson      STL   G    -    23   6'2     184     58   50   120  78   78   78   80   79   78   79   78   75   78   52   53   40   71   78   79   74
Eddie Lack            UFA   G    -    34   6'4     187     53   50   120  75   75   74   74   74   75   74   69   75   72   66   72   37   85   74   74   73
Anton Forsberg        RKF   G    -    29   6'2     191     53   50   120  73   73   73   73   73   73   73   73   79   74   60   75   39   84   73   73   73
Niklas Svedberg       UFA   G    -    32   6'0     176     53   50   120  75   73   72   74   71   75   74   68   78   67   67   71   30   85   73   73   72
Anders Lindback       UFA   G    -    33   6'6     215     52   50   120  73   74   73   72   74   72   72   72   78   72   60   72   31   85   73   72   72
Jhonas Enroth         UFA   G    -    33   5'10    171     53   50   120  72   72   72   73   72   73   72   64   75   70   64   65   31   75   72   72   71
Linus Ullmark         UFA   G    -    28   6'4     221     53   50   120  74   75   75   74   74   71   73   58   73   56   64   73   40   82   74   73   70
Lars Johansson        UFA   G    -    34   6'1     198     53   50   120  72   72   74   74   74   72   72   56   73   70   58   62   33   78   72   73   70
Felix Sandstrom       UFA   G    -    25   6'2     191     52   50   120  72   73   71   71   72   70   72   68   78   71   51   72   40   78   72   71   70
Adam Werner           UFA   G    -    24   6'5     198     53   50   120  71   73   75   74   73   74   73   66   76   66   49   61   40   78   73   73   70
Hugo Fagerblom        UFA   G    -    26   6'6     202     50   50   120  68   71   70   72   68   71   71   66   77   69   50   70   42   78   69   70   69
Olle Eriksson Ek      SDG   G    -    22   6'2     185     50   50   120  72   72   71   71   70   72   66   62   75   58   51   60   41   77   71   71   68
Magnus Hellberg       UFA   G    -    31   6'5     200     53   50   120  65   67   70   67   68   68   68   65   78   66   60   63   32   79   67   67   68
Johan Gustafsson      UFA   G    -    30   6'2     199     52   50   120  73   74   72   72   72   71   72   54   75   60   55   60   40   85   73   71   68
Linus Soderstrom      UFA   G    -    25   6'5     196     53   50   120  64   64   65   65   64   65   64   81   75   61   54   64   40   85   64   64   67
Joacim Eriksson       UFA   G    -    32   6'1     189     53   50   120  63   66   66   63   65   65   62   61   80   63   56   57   31   85   65   64   66
Jonas Johansson       UFA   G    -    26   6'5     214     50   50   120  62   62   62   62   61   62   61   83   77   52   54   61   35   80   62   61   65
Olof Lindbom          Juni  G    -    21   6'1     173     59   50   120  69   61   61   64   57   62   61   74   77   54   45   48   45   76   63   61   64
Filip Larsson         GRD   G    -    23   6'2     180     59   50   120  61   61   60   61   61   61   60   60   76   60   50   60   35   70   60   61   64
Jesper Wallstedt      Juni  G    -    19   6'3     205     58   50   120  63   56   59   63   60   61   60   57   62   51   61   55   26   77   59   61   62
Arvid Holm            Juni  G    -    23   6'4     213     58   50   120  53   52   54   54   54   52   58   76   75   47   50   43   33   70   53   53   59
Kristoffer Tengstrom  Juni  G    -    20   5'11    188     58   50   120  58   58   57   51   56   39   55   63   80   35   60   35   24   67   57   48   58
Pontus Eltonius       Draf  G    -    24   6'3     196     57   50   120  51   54   52   52   52   49   49   54   75   51   49   41   38   77   52   51   57
Erik-Johan Sologub    Juni  G    -    19   6'2     196     58   50   120  46   42   50   42   50   54   54   56   73   37   52   62   13   61   46   48   56
Erik Kallgren         UFA   G    -    25   6'3     198     56   50   120  44   42   45   49   44   44   48   37   76   45   45   48   30   72   43   45   52
Pelle Jørgensen       Draf  G    -    19   6'1     148     58   50   120  38   40   43   32   34   26   48   45   90   27   59   23   13   60   40   30   48
Stefan Myhre          Draf  G    -    18   5'10    182     58   50   120  38   29   34   36   39   30   42   48   76   27   52   37   11   79   33   35   47
Rasmus Dahlin         CAL   D    -    22   6'2     181     58   50   120  83   81   87   81   81   78   90   92   78   99   56   76   99   77   83   80   80
Adam Boqvist          CAR   D    -    21   5'11    168     58   50   120  78   78   79   78   77   73   84   88   91   99   64   72   62   72   78   76   79
Victor Hedman         ANA   D    -    31   6'6     233     58   50   120  80   82   83   82   83   79   82   80   74   66   69   85   66   85   81   81   78
Hampus Lindholm       TBL   D    -    28   6'3     205     55   50   120  77   73   78   82   84   76   82   85   74   86   66   85   73   79   76   80   78
Oscar Klefbom         FLA   D    -    28   6'3     215     58   50   120  76   76   78   78   78   76   78   76   88   80   71   78   61   79   76   77   77
Oliver Ekman-Larsson  SJS   D    -    30   6'2     200     58   50   120  78   80   80   78   78   75   88   81   74   65   72   79   49   74   79   77   77
Erik Karlsson         ANA   D    -    31   6'0     191     58   50   120  86   85   86   80   80   67   88   74   78   53   80   73   35   82   85   75   77
Timothy Liljegren     TOR   D    -    23   6'0     190     58   50   120  79   79   78   75   77   71   78   79   79   79   62   78   94   70   78   74   76
Oliver Kylington      CAL   D    -    24   6'0     183     58   50   120  79   76   78   76   76   70   80   78   82   79   65   78   79   84   77   74   76
Calle Rosen           TOR   D    -    28   6'0     176     58   50   120  75   76   75   78   79   71   75   78   89   79   62   78   87   74   75   76   76
Robert Hägg           PHI   D    -    27   6'2     210     56   50   120  77   77   77   73   76   85   80   82   70   72   67   76   77   85   77   78   75
Jonas Brodin          NYR   D    -    28   6'1     195     58   50   120  72   72   72   78   78   74   78   75   84   79   63   78   77   83   72   76   75
John Klingberg        EDM   D    -    29   6'2     180     58   50   120  80   79   78   80   78   71   78   64   78   76   67   78   64   73   79   76   75
Jacob Larsson         ANA   D    -    25   6'2     195     55   50   120  71   71   73   79   79   79   76   89   87   76   58   73   76   86   71   79   75
Erik Brannstrom       NYR   D    -    22   5'10    173     58   50   120  79   78   80   76   72   55   78   76   79   96   60   78   74   74   79   67   75
Adam Larsson          COL   D    -    29   6'3     205     55   50   120  60   73   77   85   84   80   79   76   73   73   64   83   62   83   70   83   75
Adam Ginning          PHI   D    -    22   6'3     196     51   50   120  78   78   76   74   72   69   82   80   79   87   55   70   83   58   77   71   74
Rasmus Sandin         NYR   D    -    22   5'11    183     58   50   120  76   76   73   77   78   54   78   78   82   78   55   66   88   74   75   69   73
Mattias Ekholm        NAS   D    -    31   6'4     215     56   50   120  68   71   70   76   76   77   76   75   80   59   68   76   36   79   69   76   73
Marcus Pettersson     ANA   D    -    25   6'4     180     54   50   120  74   72   71   74   73   75   74   71   85   75   57   71   75   84   72   74   73
Lucas Carlsson        UFA   D    -    24   6'0     189     58   50   120  69   65   70   78   75   71   77   78   85   72   55   78   55   86   68   74   73
David Bernhardt       LAK   D    -    24   6'3     203     58   50   120  70   70   76   77   77   75   75   75   80   64   56   79   79   71   72   76   73
Alexander Edler       DET   D    -    36   6'3     215     58   50   120  75   73   78   75   76   76   76   69   72   55   69   78   48   79   75   75   73
Victor Soderstom      PHI   D    -    21   6'0     173     58   50   120  74   74   78   78   76   71   77   78   78   75   48   50   66   71   75   75   72
Jacob Moverare        OTT   D    -    23   6'3     198     54   50   120  72   71   72   74   75   72   74   75   76   73   53   74   76   72   71   73   72
Anton Stralman        WPG   D    -    35   5'11    190     58   50   120  66   70   77   77   78   68   78   79   81   48   69   72   28   72   71   74   72
Tobias Bjornfot       FLA   D    -    21   6'1     196     58   50   120  75   75   75   78   78   73   78   74   82   73   48   40   73   77   75   76   71
Nils Andersson        UFA   D    -    30   6'2     196     58   50   120  68   65   73   75   73   64   66   85   77   47   67   78   37   70   68   70   71
Jesper Lindgren       TOR   D    -    24   6'0     165     58   50   120  56   53   55   80   78   71   77   78   89   78   56   72   58   76   54   76   71
Gustav Forsling       UFA   D    -    25   6'0     186     58   50   120  56   57   65   74   76   71   78   73   83   77   62   68   56   78   59   73   71
Christian Djoos       RFA   D    -    27   6'0     169     58   50   120  59   55   55   78   75   71   78   81   84   80   59   74   79   84   56   74   71
Andreas Englund       UFA   D    -    26   6'3     189     57   50   120  65   54   59   75   76   71   75   70   77   73   66   77   68   77   59   74   71
Rasmus Andersson      STO   D    -    25   6'1     214     58   50   120  46   55   63   75   79   71   76   78   74   77   59   78   58   80   54   75   70
Gabriel Carlsson      DAL   D    -    25   6'4     191     56   50   120  54   54   55   75   75   77   75   77   88   78   58   68   77   73   54   75   70
Fredrik Claesson      UFA   D    -    29   6'1     205     56   50   120  60   59   67   74   74   70   75   79   81   53   65   74   62   84   62   72   70
Andreas Borgman       TOM   D    -    26   6'0     205     57   50   120  62   42   61   77   78   70   74   74   68   75   66   78   68   79   55   75   70
Tobias Enström        BOS   D    -    37   5'10    180     50   50   120  66   65   63   75   73   66   76   85   75   48   68   63   35   78   64   71   69
Sebastian Aho         CHA   D    -    26   5'10    176     58   50   120  52   49   59   76   72   55   71   78   89   76   52   78   72   84   53   67   69
Niklas Hjalmarsson    UFA   D    -    34   6'3     197     56   50   120  50   48   76   76   76   70   76   75   77   50   65   76   36   79   58   74   69
Mikael Wikstrand      UFA   D    -    28   6'1     212     58   50   120  60   69   70   77   72   60   76   62   79   73   51   69   45   82   66   69   69
Ludwig Bystrom        RFA   D    -    27   6'1     175     55   50   120  53   53   53   75   75   68   75   89   78   71   54   72   47   82   53   72   69
Gustav Bouramman      IOW   D    -    25   6'0     189     55   50   120  52   53   51   73   74   68   72   75   89   77   56   70   73   74   52   71   69
Niklas Hansson        TEX   D    -    27   6'1     180     58   50   120  40   44   41   78   78   71   75   78   81   76   59   78   44   72   41   75   68
Filip Westerlund      LAV   D    -    23   5'11    180     58   50   120  67   73   71   69   66   47   76   74   89   40   52   69   68   76   70   60   68
Erik Gustafsson       UFA   D    -    30   6'0     176     58   50   120  56   60   65   71   70   71   77   64   75   60   59   68   40   79   60   70   68
Carl Dahlstrom        UFA   D    -    27   6'4     231     54   50   120  50   61   69   74   74   71   56   66   83   72   55   74   59   79   60   73   68
Anton Lindholm        UFA   D    -    27   5'11    191     56   50   120  54   53   53   75   74   66   70   66   77   73   60   73   57   76   53   71   68
Anton Cederholm       UFA   D    -    27   6'2     204     53   50   120  51   53   52   73   76   77   73   80   74   74   55   73   58   77   52   75   68
Magnus Nygren         UFA   D    -    31   6'1     193     58   50   120  70   68   68   63   63   55   70   87   78   52   58   56   34   73   68   60   67
Linus Arnesson        UFA   D    -    27   6'1     188     53   50   120  44   54   70   72   73   67   73   67   75   63   59   73   41   73   56   70   67
Julius Bergman        IOW   D    -    26   6'1     205     55   50   120  50   48   56   70   75   69   72   75   67   76   55   72   72   79   51   71   67
Jonas Rudbeck         MIL   D    -    22   6'2     189     57   50   120  50   40   48   66   76   76   75   76   89   67   56   59   65   87   46   72   67
Gustav Olofsson       RFA   D    -    27   6'3     197     55   50   120  43   57   51   75   75   77   75   69   80   57   60   69   50   82   50   75   67
David Rundblad        UFA   D    -    31   6'2     187     58   50   120  63   68   71   67   67   58   68   62   85   51   61   59   28   74   67   64   67
Christian Folin       UFA   D    -    31   6'3     215     55   50   120  52   48   59   75   73   70   71   71   79   47   65   70   35   76   53   72   67
Adam Ollas Mattsson   STO   D    -    25   6'5     216     54   50   120  44   40   67   70   70   70   74   75   74   72   54   74   70   79   50   70   67
Tim Heed              UFA   D    -    31   5'11    176     58   50   120  68   65   68   65   68   64   71   67   71   45   60   62   20   79   67   65   66
Mattias Karlsson      UFA   D    -    37   6'2     220     55   50   120  61   63   72   67   64   68   66   61   71   47   62   65   23   83   65   66   66
Lawrence Pilut        SPR   D    -    26   5'10    165     53   50   120  52   52   72   73   69   52   73   58   75   63   58   73   70   81   58   64   66
Jonathan Ericsson     UFA   D    -    38   6'4     220     56   50   120  48   40   45   76   76   74   75   78   70   50   64   81   52   79   44   75   66
Joakim Ryan           UFA   D    -    28   5'11    185     58   50   120  57   56   56   64   65   59   70   79   77   76   55   56   55   76   56   62   66
Jacob Cederholm       RFA   D    -    24   6'4     187     51   50   120  50   50   49   71   71   71   70   69   78   70   59   72   71   71   49   71   66
Henrik Tömmernes      UFA   D    -    31   6'1     185     58   50   120  71   72   70   64   64   62   72   52   75   50   60   63   34   85   71   63   66
Erik Gustafsson       UFA   D    -    33   5'10    180     55   50   120  63   61   65   72   72   65   73   59   86   52   58   52   50   79   63   69   66
Emil Johansson        UFA   D    -    25   6'0     194     55   50   120  53   53   52   58   59   68   73   85   79   63   55   75   74   84   52   61   66
Pontus Sjalin         IOW   D    -    25   6'0     170     53   50   120  43   49   69   71   68   64   61   68   82   60   53   68   63   78   53   67   65
Petter Granberg       UFA   D    -    29   6'3     200     56   50   120  41   39   40   74   71   69   69   64   82   77   60   71   41   85   40   71   65
Patrik Nemeth         UFA   D    -    30   6'3     235     57   50   120  38   42   49   70   72   74   68   70   64   64   60   77   51   79   43   72   65
Niclas Burstrom       UFA   D    -    31   5'10    168     55   50   120  59   48   70   70   70   64   73   59   76   46   56   59   31   75   59   68   65
Linus Hultstrom       UFA   D    -    29   5'11    194     58   50   120  59   49   54   72   65   55   66   51   82   70   55   72   39   76   54   64   65
Calle Sjalin          HAR   D    -    22   6'1     179     58   50   120  41   68   56   70   69   63   53   70   79   61   52   69   46   76   55   67   65
Alfons Malmstrom      GRD   D    -    23   6'2     190     51   50   120  49   50   49   60   63   61   71   73   80   71   56   71   71   81   49   61   65
Peter Andersson       UFA   D    -    31   6'3     194     53   50   120  43   41   50   74   74   68   71   78   78   46   55   65   29   79   44   72   64
Oscar Fantenberg      UFA   D    -    30   6'0     203     55   50   120  49   46   58   70   67   61   67   79   79   46   55   65   33   75   51   66   64
Nicklas Grossmann     UFA   D    -    37   6'4     230     57   50   120  41   32   38   76   78   75   62   64   71   48   64   89   56   79   37   76   64
John Nyberg           UFA   D    -    25   6'3     190     58   50   120  50   48   47   69   67   65   59   59   79   68   63   70   68   79   48   67   64
Gustav Lindstrom      RKF   D    -    23   6'2     187     58   50   120  47   47   50   62   61   66   68   72   78   62   54   69   68   72   48   63   64
Calle Ingberg         GRD   D    -    21   6'0     197     58   50   120  54   44   61   70   71   70   75   64   60   57   59   48   40   82   53   70   64
Adam Tilander         ROC   D    -    23   6'0     190     58   50   120  76   48   60   54   48   58   50   64   85   65   54   70   75   83   61   53   64
Victor Loov           UFA   D    -    29   6'1     212     53   50   120  42   41   46   71   70   67   69   68   78   55   54   71   40   83   43   69   63
Tom Nilsson           UFA   D    -    28   6'0     176     57   50   120  40   36   38   71   71   72   70   86   72   47   58   65   47   82   38   71   63
Tim Erixon            UFA   D    -    31   6'2     200     55   50   120  58   57   65   70   65   65   71   42   69   45   60   58   20   74   60   66   63
Robin Norell          UFA   D    -    27   5'11    192     55   50   120  53   53   54   58   59   54   75   57   82   71   56   60   54   75   53   57   63
Philip Holm           UFA   D    -    30   6'1     196     55   50   120  48   46   56   64   65   62   64   83   78   49   53   66   31   72   50   63   63
Mattias Bäckman       UFA   D    -    29   6'2     180     55   50   120  46   45   56   69   69   62   67   72   76   47   54   59   32   74   49   66   63
Lukas Kilström        UFA   D    -    32   6'0     187     57   50   120  41   40   51   73   71   74   70   57   70   48   64   68   37   78   44   72   63
Klas Dahlbeck         CHA   D    -    30   6'3     207     56   50   120  33   44   46   71   67   72   67   73   76   53   51   74   10   83   41   70   63
Johan Motin           UFA   D    -    32   6'2     220     54   50   120  33   32   44   71   74   67   72   86   73   48   59   64   36   85   36   70   63
Jakob Stenqvist       UTI   D    -    24   6'2     170     58   50   120  49   46   40   67   63   65   52   64   85   68   50   69   56   70   45   65   63
Arvid Henrikson       LAV   D    -    24   6'3     207     51   50   120  49   49   45   62   65   52   71   71   70   71   58   69   50   75   47   59   63
Alexander Urbom       UFA   D    -    31   6'4     215     54   50   120  41   38   41   71   73   71   71   79   66   48   56   69   29   79   40   71   63
Stefan Warg           UFA   D    -    32   6'3     220     53   50   120  41   36   44   72   74   70   71   56   77   52   63   64   52   85   40   72   62
Linus Högberg         LHV   D    -    23   6'1     176     58   50   120  47   51   46   55   54   62   70   70   84   56   50   70   50   79   48   57   62
Kristoffer Gunnarsso  UFA   D    -    25   6'1     205     57   50   120  56   47   45   67   62   61   60   65   61   67   52   69   66   76   49   63   62
Jonathan Pudas        UFA   D    -    29   5'10    176     58   50   120  51   56   60   61   59   53   61   72   81   51   58   51   27   79   55   57   62
Filip Johansson       CHW   D    -    22   6'1     174     58   50   120  48   48   68   68   71   62   50   51   75   59   49   55   68   73   54   67   62
Filip Berglund        UFA   D    -    24   6'3     209     58   50   120  46   47   48   68   68   66   52   49   76   67   54   69   61   79   47   67   62
Carl Gunnarsson       UFA   D    -    35   6'2     196     56   50   120  39   43   44   71   76   62   73   50   83   44   58   74   10   84   42   69   62
Anton Andersson       SAR   D    -    23   6'3     216     57   50   120  47   63   46   65   59   65   62   67   67   67   50   54   67   77   52   63   62
Sebastian Walfridsso  Juni  D    -    23   6'1     194     52   50   120  47   45   49   68   69   60   55   83   80   50   53   48   40   78   47   65   61
Lukas Bengtsson       UFA   D    -    28   5'11    172     58   50   120  51   52   55   56   57   51   65   68   82   48   56   55   36   77   52   54   61
Lucas Ekestahl Jonss  SPR   D    -    26   6'0     165     58   50   120  65   40   48   53   52   62   49   62   72   70   51   68   52   83   51   55   61
Linus Nässén          UFA   D    -    23   6'0     162     58   50   120  48   50   47   56   58   62   66   56   87   67   51   50   57   72   48   58   61
Arvid Lundberg        UFA   D    -    27   6'1     192     55   50   120  44   45   55   59   61   55   58   76   88   49   52   52   33   86   48   58   61
Victor Berglund       PRO   D    -    22   6'0     165     58   50   120  48   47   46   59   51   61   50   64   76   67   47   70   76   73   47   57   60
Lucas Gustavsson      Draf  D    -    22   6'2     191     58   50   120  53   55   60   55   58   53   57   55   89   51   50   45   47   73   56   55   60
Hardy Häman Aktell    MIL   D    -    23   6'3     198     58   50   120  46   49   48   61   49   57   51   51   87   67   50   69   76   72   47   55   60
Niclas Andersén       UFA   D    -    34   6'1     207     57   50   120  37   28   29   70   68   66   64   65   74   48   51   61   19   73   31   68   59
Lars Lindlof          Draf  D    -    17   6'3     199     59   50   120  46   48   48   48   46   47   65   67   85   27   69   66   60   82   47   47   59
Emil Djuse            UFA   D    -    28   5'11    190     58   50   120  51   51   52   53   53   48   55   70   79   48   52   50   24   75   51   51   59
Jesper Pettersson     PRO   D    -    27   5'9     187     57   50   120  41   39   53   54   56   58   54   67   78   50   53   41   32   85   44   56   58
Calle Andersson       UFA   D    -    27   6'2     217     58   50   120  54   53   54   54   56   52   57   26   81   49   56   53   39   74   53   54   58
Anton Olsson          Juni  D    -    19   6'1     175     58   50   120  44   39   36   64   60   64   70   60   67   36   61   52   69   96   39   62   58
Petter Hansson        Juni  D    -    25   6'1     187     58   50   120  41   42   53   55   52   49   53   67   84   46   50   45   33   79   45   52   57
Kim Hedner            Draf  D    -    18   6'3     220     57   50   120  41   37   34   57   55   69   63   65   62   26   65   65   72   65   37   60   57
Jonatan Asplund       Draf  D    -    23   6'3     180     51   50   120  44   43   52   57   57   68   58   47   70   49   49   45   41   76   46   60   57
Andreas Soderberg     UFA   D    -    25   6'4     205     56   50   120  45   48   53   55   56   51   52   33   81   50   53   55   55   85   48   54   57
Alexis Binner         Draf  D    -    23   6'3     209     51   50   120  35   42   44   58   56   57   57   59   85   54   51   40   38   73   40   57   57
William Lindgren      Draf  D    -    23   6'4     209     51   50   120  36   41   42   59   59   61   59   43   79   49   52   51   48   70   39   59   56
William Lagesson      UFA   D    -    26   6'3     197     51   50   120  41   35   36   59   59   55   57   44   78   48   55   53   31   85   37   57   56
Lars-Bjorn Swanstrom  Draf  D    -    18   6'3     212     57   50   120  40   29   28   57   57   61   57   50   85   36   59   60   50   70   32   58   56
Tommy Wiklander       Draf  D    -    20   6'3     226     58   50   120  53   49   54   43   40   49   60   66   53   28   52   50   13   84   52   44   55
Philip Nyberg         Juni  D    -    25   6'3     189     58   50   120  47   47   53   50   51   46   55   36   69   50   58   47   21   77   49   49   55
David Westlund        UFA   D    -    27   6'3     207     51   50   120  42   41   41   59   55   55   57   45   61   50   51   54   35   85   41   56   55
William Simonsson     Draf  D    -    19   5'8     145     58   50   120  36   36   37   52   54   46   57   62   92   29   52   41   12   64   36   50   54
Samuel Ostrom         Draf  D    -    20   6'6     240     56   50   120  22   28   28   66   63   55   56   54   67   25   58   57   39   77   26   61   53
Axel Nyberg           Draf  D    -    18   5'6     128     56   50   120  29   45   43   56   54   20   53   55   87   35   55   25   37   57   39   43   52
Espen Grotenfelt      Draf  D    -    20   6'1     181     57   50   120  40   30   37   48   45   43   46   42   67   39   51   46   47   87   35   45   50
Elias Lindholm        CAR   C    RW   27   6'1     192     52   50   120  80   82   82   80   81   73   84   79   84   78   70   79   74   85   81   78   78
William Nylander      TOR   C    RW   25   5'11    190     53   50   120  82   82   82   74   77   59   83   83   79   84   68   71   45   84   82   70   76
Nicklas Bäckström     WAS   C    LW   34   6'1     213     52   50   120  78   84   84   77   79   66   88   48   74   84   72   82   36   79   82   74   75
Joel Eriksson Ek      VGK   C    LW   25   6'2     198     51   50   120  80   80   77   75   70   86   73   81   72   82   55   76   83   74   79   77   75
Jakob Forsbacka Karl  SJS   C    RW   25   6'1     184     57   50   120  76   78   77   77   77   68   77   77   75   78   67   77   78   79   77   74   75
Elias Pettersson      OTT   C    LW   23   6'2     161     58   50   120  78   79   77   76   76   72   79   78   80   74   54   75   99   72   78   74   75
Alexander Wennberg    CBS   C    LW   27   6'2     196     52   50   120  69   78   82   68   74   68   82   84   88   83   68   72   97   84   76   70   75
Victor Rask           CHI   C    LW   29   6'2     200     55   50   120  76   76   75   72   75   63   75   75   87   76   69   75   51   81   75   70   74
William Eklund        CBS   C    LW   19   5'10    173     53   50   120  77   79   78   76   77   58   77   77   88   77   56   55   52   57   78   70   73
Victor Ejdsell        ANA   C    LW   26   6'5     214     55   50   120  71   69   73   75   77   72   72   79   76   76   64   75   85   74   71   74   73
Oskar Sundqvist       STL   C    RW   28   6'3     209     55   50   120  73   73   75   76   75   72   75   87   74   64   62   75   76   82   73   74   73
Calle Jarnkrok        NAS   C    RW   30   5'11    186     55   50   120  77   76   75   75   75   69   75   63   80   77   65   76   48   78   76   73   73
Jonathan Dahlén       RFA   C    LW   24   5'11    176     57   50   120  76   73   76   76   76   54   77   62   83   78   58   64   76   68   75   68   72
Johan Larsson         UFA   C    LW   29   5'11    200     55   50   120  61   67   76   73   75   69   75   78   76   72   67   75   46   75   68   72   72
Jacob De La Rose      MON   C    LW   26   6'3     214     55   50   120  71   70   75   75   76   76   75   75   70   67   58   75   76   85   72   75   72
Nils Hoglander        FLA   C    RW   21   5'9     174     53   50   120  72   74   73   71   70   52   74   73   92   80   58   64   44   72   73   64   71
Mattias Elfström      RKF   C    LW   25   6'3     194     54   50   120  75   73   74   68   69   69   75   74   82   63   47   74   76   77   74   68   71
Lias Andersson        RFA   C    LW   23   5'11    198     55   50   120  77   77   78   74   73   53   79   73   75   76   53   60   84   74   77   66   71
Carl Soderberg        UFA   C    LW   36   6'3     216     55   50   120  73   70   75   75   75   64   68   79   75   71   54   73   10   79   72   71   71
Marcus Davidsson      NYI   C    LW   23   6'0     191     56   50   120  75   73   76   73   74   69   67   59   82   63   53   64   72   78   74   72   70
Kevin Stenlund        OTT   C    RW   25   6'4     210     54   50   120  72   52   74   72   72   76   65   60   80   75   54   74   75   77   66   73   70
Isac Lundestrom       TOM   C    LW   22   6'0     185     52   50   120  75   76   76   75   76   75   76   59   85   76   50   42   73   71   75   75   70
Simon Andersson       CBS   C    LW   20   5'11    168     53   50   120  76   77   71   72   72   49   73   73   88   74   49   45   65   70   74   64   69
Nikola Pasic          TOM   C    RW   21   5'11    181     53   50   120  71   75   72   69   73   50   73   73   85   72   57   44   40   80   72   64   69
Ludvig Rensfeldt      UFA   C    LW   30   6'3     198     55   50   120  62   52   63   72   74   67   73   76   74   67   65   70   35   85   59   71   69
Jacob Josefson        UFA   C    LW   31   6'1     195     55   50   120  55   62   64   77   74   64   66   72   80   76   58   75   26   79   60   71   69
Isac Andersson        HER   C    LW   20   6'0     194     51   50   120  75   77   75   69   69   66   75   75   74   76   47   40   75   72   75   68   69
Anton Lander          UFA   C    LW   31   6'0     184     55   50   120  54   58   63   71   71   70   71   73   75   83   68   67   27   72   58   70   69
Albin Grewe           HER   C    LW   21   6'1     185     55   50   120  73   71   74   73   70   69   71   69   78   76   48   40   76   72   72   70   69
Dennis Rasmussen      UFA   C    LW   31   6'3     205     55   50   120  57   53   55   74   73   67   70   76   76   66   63   69   35   79   55   71   68
Hampus Gustafsson     UFA   C    LW   28   6'4     200     59   50   120  56   64   70   60   70   59   70   72   76   53   59   70   71   84   63   63   67
Linus Lindström       STO   C    LW   24   6'0     165     52   50   120  71   68   65   52   56   64   55   73   84   59   53   72   74   61   68   57   66
John Dahlstrom        BNG   C    RW   25   6'0     189     59   50   120  49   49   70   53   64   63   67   61   92   70   53   70   68   75   56   60   66
Fredrik Händemark     ROC   C    LW   28   6'4     209     55   50   120  54   53   55   69   66   74   61   47   89   76   62   63   77   84   54   69   66
Axel Holmstrom        UFA   C    LW   25   6'0     219     59   50   120  50   58   68   65   52   63   70   68   82   68   55   70   69   75   58   60   66
Carl Persson          HER   C    LW   26   6'1     205     55   50   120  50   53   64   57   58   65   74   68   81   68   53   61   77   75   55   60   65
Oscar Bjerselius      SPR   C    LW   21   6'0     183     55   50   120  55   61   61   57   58   68   75   57   82   75   47   40   74   73   59   61   64
Lukas Vejdemo         UFA   C    LW   26   6'2     194     55   50   120  53   51   70   60   65   56   69   53   85   63   54   54   42   85   58   60   63
Emil Molin            UFA   C    LW   29   6'0     180     55   50   120  59   61   56   61   59   54   61   72   74   58   55   52   33   82   58   58   63
Theodor Niederbach    Juni  C    LW   20   5'10    157     52   50   120  68   60   59   54   56   40   62   61   81   64   49   47   53   83   62   50   61
Lukas Wernblom        ROC   C    LW   21   5'9     165     59   50   120  59   56   48   54   62   48   50   67   70   74   51   46   73   70   54   54   60
Linus Nassen          UTI   C    LW   21   5'11    185     53   50   120  52   62   53   55   55   52   56   52   82   74   49   42   65   71   55   54   60
Henrik Strandlund     Juni  C    LW   19   6'3     223     53   50   120  63   42   63   53   62   49   67   63   70   63   42   52   41   71   56   54   60
Emil Bemström         CLE   C    RW   22   5'11    177     51   50   120  63   55   63   54   57   50   56   55   70   73   49   41   44   73   60   53   60
Jacob Peterson        Juni  C    LW   22   6'0     165     59   50   120  58   46   48   60   57   47   59   39   85   63   50   48   42   72   50   54   59
Rickard Hugg          Draf  C    LW   23   5'10    179     52   50   120  48   49   55   51   51   43   61   58   90   54   53   38   22   75   50   48   58
Linus Olund           Juni  C    LW   24   5'11    185     53   50   120  52   55   54   50   49   45   53   47   92   59   52   41   41   77   53   48   58
Niklas Thorsen        Draf  C    RW   21   6'2     197     52   50   120  41   58   50   43   39   44   51   66   82   50   54   57   21   59   49   42   57
Niclas Adalsteinn     BAK   C    RW   21   6'4     212     53   50   120  53   64   45   40   40   40   67   50   75   53   51   64   40   91   54   40   57
Leon Bristedt         UFA   C    LW   27   5'8     180     53   50   120  52   59   57   45   46   41   59   57   68   58   52   45   44   85   56   44   57
Sven Tornqvist        Draf  C    -    19   6'2     222     54   50   120  52   54   55   41   32   55   39   49   56   54   59   76   40   77   53   42   56
Henrik Jägerhon       Draf  C    LW   19   6'4     197     54   50   120  54   53   54   35   38   52   44   57   49   54   64   63   44   84   53   41   56
Per-Olaf Hedstrom     Draf  C    -    18   6'1     202     52   50   120  43   68   52   35   44   35   53   56   60   53   57   54   12   60   54   38   55
Erik Thurell          Draf  C    RW   19   6'2     195     54   50   120  39   49   45   44   44   65   42   53   50   51   55   63   36   59   44   51   54
Olaf Nordengren       Draf  C    -    22   6'1     150     52   50   120  41   70   52   40   37   22   53   43   61   68   50   24   13   80   54   33   52
Ulf Nyman             Draf  C    LW   17   5'6     161     59   50   120  37   43   42   38   36   22   63   58   76   57   51   22   54   85   40   32   51
