FORWARDS
Jesper Fast           NYR   RW   LW   30   6'0     188     55   50   120  76   75   75   75   75   73   75   70   80   76   64   74   47   73   75   74   74
Patric H?rnqvist      NYR   RW   LW   35   5'11    189     55   50   120  76   72   75   75   75   76   75   87   68   58   58   75   34   79   74   75   73
Gustav Nyquist        UFA   RW   LW   32   5'11    185     58   50   120  74   75   78   71   75   65   78   64   83   72   58   75   26   85   75   70   73
Carl Grundstrom       TOR   RW   LW   24   6'0     194     55   50   120  74   73   72   74   75   68   77   76   72   76   60   75   76   72   73   72   73
Jesper Bratt          TOR   RW   LW   23   5'10    174     56   50   120  76   75   75   73   69   62   76   74   85   76   66   61   77   67   75   68   72

Pontus Aberg          LAK   LW   RW   28   5'11    196     57   50   120  75   74   77   77   77   59   77   77   80   78   70   77   59   81   75   71   75
Andr? Burakovsky      WAS   LW   C    27   6'3     201     58   50   120  79   76   79   72   77   69   77   91   81   73   64   63   50   83   78   72   75
Adrian Kempe          OTT   LW   C    25   6'2     187     55   50   120  76   76   75   73   75   76   76   76   80   76   60   75   59   84   75   74   74
Jakob Silfverberg     ANA   LW   RW   31   6'1     200     55   50   120  77   76   75   75   75   68   75   60   82   66   66   75   41   85   76   72   73
Mattias Janmark       UFA   LW   C    29   6'1     195     58   50   120  79   70   78   67   75   71   77   58   77   70   65   67   42   83   75   71   72
Andreas Johnson       RFA   LW   RW   27   5'10    180     56   50   120  77   74   77   76   76   54   76   71   78   77   60   69   77   77   76   68   72

William Nylander      TOR   C    RW   25   5'11    190     53   50   120  82   82   82   74   77   59   83   83   79   84   68   71   45   84   82   70   76
Nicklas B?ckstr?m     WAS   C    LW   34   6'1     213     52   50   120  78   84   84   77   79   66   88   48   74   84   72   82   36   79   82   74   75
Jakob Forsbacka Karl  SJS   C    RW   25   6'1     184     57   50   120  76   78   77   77   77   68   77   77   75   78   67   77   78   79   77   74   75
Elias Pettersson      OTT   C    LW   23   6'2     161     58   50   120  78   79   77   76   76   72   79   78   80   74   54   75   99   72   78   74   75
Alexander Wennberg    CBS   C    LW   27   6'2     196     52   50   120  69   78   82   68   74   68   82   84   88   83   68   72   97   84   76   70   75
William Eklund        CBS   C    LW   19   5'10    173     53   50   120  77   79   78   76   77   58   77   77   88   77   56   55   52   57   78   70   73
Calle Jarnkrok        NAS   C    RW   30   5'11    186     55   50   120  77   76   75   75   75   69   75   63   80   77   65   76   48   78   76   73   73
Lias Andersson        RFA   C    LW   23   5'11    198     55   50   120  77   77   78   74   73   53   79   73   75   76   53   60   84   74   77   66   71
Isac Lundestrom       TOM   C    LW   22   6'0     185     52   50   120  75   76   76   75   76   75   76   59   85   76   50   42   73   71   75   75   70

DEFENSEMEN
Victor Hedman         ANA   D    -    31   6'6     233     58   50   120  80   82   83   82   83   79   82   80   74   66   69   85   66   85   81   81   78
Oscar Klefbom         FLA   D    -    28   6'3     215     58   50   120  76   76   78   78   78   76   78   76   88   80   71   78   61   79   76   77   77
Oliver Ekman-Larsson  SJS   D    -    30   6'2     200     58   50   120  78   80   80   78   78   75   88   81   74   65   72   79   49   74   79   77   77
Erik Karlsson         ANA   D    -    31   6'0     191     58   50   120  86   85   86   80   80   67   88   74   78   53   80   73   35   82   85   75   77
Timothy Liljegren     TOR   D    -    23   6'0     190     58   50   120  79   79   78   75   77   71   78   79   79   79   62   78   94   70   78   74   76
Jacob Larsson         ANA   D    -    25   6'2     195     55   50   120  71   71   73   79   79   79   76   89   87   76   58   73   76   86   71   79   75

GOALIES
Robin Lehner          DAL   G    -    30   6'5     240     57   50   120  77   77   77   77   78   78   77   89   75   78   64   78   30   79   77   77   76
Marcus Hogberg        OTT   G    -    27   6'5     209     57   50   120  79   77   77   79   78   77   79   78   76   78   55   76   40   84   77   78   75


PLAYOFF ADDITIONS
Filip Forsberg        NAS   RW   LW   27   6'1     205     51   50   120  80   79   81   75   80   70   81   69   78   99   70   79   67   85   80   75   77
Viktor Arvidsson      NAS   RW   LW   29   5'9     180     58   50   120  81   79   78   76   78   67   78   71   81   79   66   75   49   81   79   73   75

Alexander Nylander    BUF   LW   RW   24   6'1     192     53   50   120  82   79   79   75   75   70   84   83   89   85   53   72   89   76   80   73   76

William Karlsson      STL   LW   C    29   6'1     188     55   50   120  81   79   75   76   75   68   80   75   87   67   64   74   74   84   78   73   75
Rickard Rakell        VGK   LW   C    28   6'2     201     55   50   120  80   77   75   75   75   76   75   70   77   70   66   75   68   85   77   75   74

Elias Lindholm        CAR   C    RW   27   6'1     192     52   50   120  80   82   82   80   81   73   84   79   84   78   70   79   74   85   81   78   78

Filip Gustavsson      STL   G    -    23   6'2     184     58   50   120  78   78   78   80   79   78   79   78   75   78   52   53   40   71   78   79   74

Adam Boqvist          CAR   D    -    21   5'11    168     58   50   120  78   78   79   78   77   73   84   88   91   99   64   72   62   72   78   76   79
Robert H?gg           PHI   D    -    27   6'2     210     56   50   120  77   77   77   73   76   85   80   82   70   72   67   76   77   85   77   78   75
Jonas Brodin          NYR   D    -    28   6'1     195     58   50   120  72   72   72   78   78   74   78   75   84   79   63   78   77   83   72   76   75
John Klingberg        EDM   D    -    29   6'2     180     58   50   120  80   79   78   80   78   71   78   64   78   76   67   78   64   73   79   76   75